rq,kp,zg,zd,sp,cjl,cje
2015/09/02,17.55,18.20,17.25,17.85,161098239,2876193792.00
2015/09/07,17.88,18.36,17.20,17.32,98055248,1740423424.00
2015/09/08,17.20,17.67,17.02,17.60,57352881,994688000.00
2015/09/09,17.61,18.08,17.47,17.85,109881594,1957842560.00
2015/09/10,17.60,17.80,17.40,17.45,57359762,1008975360.00
2015/09/11,17.45,17.64,17.18,17.31,42911716,744746752.00
2015/09/14,17.47,17.54,16.35,16.50,71771824,1212693120.00
2015/09/15,16.49,16.59,15.85,16.05,78154490,1267795584.00
2015/09/16,16.19,17.33,15.96,16.92,79108504,1308797312.00
2015/09/17,16.97,16.97,16.41,16.41,73910047,1236785152.00
2015/09/18,16.55,16.66,16.35,16.49,50620734,834576064.00
2015/09/21,16.17,16.80,16.17,16.59,53368006,880153600.00
2015/09/22,16.69,17.15,16.56,16.81,58021676,978199744.00
2015/09/23,16.65,16.77,16.43,16.45,58166712,964359360.00
2015/09/24,16.55,16.67,16.35,16.46,49620114,818740352.00
2015/09/25,16.38,16.55,15.92,16.09,58338246,942455424.00
2015/09/28,16.08,16.16,15.90,16.12,38338341,614539136.00
2015/09/29,15.94,15.97,15.72,15.75,41007197,649890816.00
2015/09/30,15.86,16.29,15.81,16.18,50626261,815320256.00
2015/10/08,17.00,17.50,16.81,16.83,93051048,1583990400.00
2015/10/09,16.79,17.00,16.71,16.86,44354207,748782976.00
2015/10/12,16.89,17.65,16.77,17.50,124659355,2155571200.00
2015/10/13,17.37,17.49,17.22,17.38,66640030,1156139264.00
2015/10/14,17.35,17.42,17.08,17.09,59365060,1021942528.00
2015/10/15,17.09,17.48,16.96,17.45,63174976,1092113280.00
2015/10/16,17.46,17.72,17.31,17.53,71558046,1254091648.00
2015/10/19,17.62,17.78,17.30,17.45,73355735,1287335168.00
2015/10/20,17.44,17.56,17.11,17.56,61543276,1070958848.00
2015/10/21,17.56,17.68,17.06,17.50,100168298,1741084928.00
2015/10/22,17.34,17.62,17.27,17.60,74959580,1310861312.00
2015/10/23,17.73,18.38,17.64,18.20,104296331,1889880960.00
2015/10/26,18.48,18.49,17.91,17.95,83889526,1524008192.00
2015/10/27,17.80,17.80,17.05,17.58,87543415,1526255360.00
2015/10/28,17.48,17.62,17.25,17.30,67472938,1175390336.00
2015/10/29,17.35,17.60,17.21,17.50,44589162,776847680.00
2015/10/30,17.44,17.54,17.28,17.35,45015217,784339392.00
2015/11/02,17.47,18.08,17.47,17.64,100484561,1793403008.00
2015/11/03,17.62,17.78,17.35,17.47,49663479,868060480.00
2015/11/04,17.47,18.35,17.47,18.31,128443358,2313398016.00
2015/11/05,18.31,19.55,18.15,19.02,164085309,3116516864.00
2015/11/06,19.08,19.62,18.99,19.38,112618966,2181365760.00
2015/11/09,19.48,19.98,19.48,19.56,118889813,2350167296.00
2015/11/10,19.43,19.85,19.07,19.52,84488881,1638603648.00
2015/11/11,19.40,19.45,19.07,19.23,63149246,1214808320.00
2015/11/12,19.31,19.38,18.98,19.07,46235724,883910208.00
2015/11/13,18.90,18.97,18.56,18.59,62277947,1166217984.00
2015/11/16,18.30,18.78,18.28,18.70,45889976,850932736.00
2015/11/17,18.81,19.11,18.63,18.70,60259724,1136912000.00
2015/11/18,18.79,18.91,18.51,18.54,65602694,1223214592.00
2015/11/19,18.63,18.76,18.42,18.75,40791576,758147648.00
2015/11/20,18.77,18.79,18.53,18.59,55716071,1037095680.00
2015/11/23,18.60,18.63,18.37,18.42,52275176,965592384.00
2015/11/24,18.43,18.55,18.39,18.54,36411026,671631808.00
2015/11/25,18.50,18.64,18.40,18.55,40845737,755790912.00
2015/11/26,18.69,19.75,18.64,19.33,125267940,2401053952.00
2015/11/27,19.10,19.31,18.37,18.55,83726254,1577477632.00
2015/11/30,18.65,18.78,17.80,18.33,59942169,1098829952.00
2015/12/01,18.30,19.55,18.05,19.09,104493297,1963007872.00
2015/12/02,19.09,21.00,18.99,21.00,343465585,7059537408.00
2015/12/03,20.54,20.80,20.15,20.38,185726466,3792019968.00
2015/12/04,20.37,21.20,20.01,20.83,176767169,3638810624.00
2015/12/07,20.78,21.34,20.40,20.81,118405543,2476259328.00
2015/12/08,20.70,20.70,20.04,20.05,73262228,1486908928.00
2015/12/09,20.00,21.15,19.99,20.80,111930853,2319651584.00
2015/12/10,20.80,21.43,20.41,20.93,123646069,2600682752.00
2015/12/11,20.78,21.48,20.64,21.34,90662128,1915535104.00
2015/12/14,21.13,22.07,21.06,21.60,89232403,1934296576.00
2015/12/15,21.56,21.75,21.08,21.24,70146740,1496834304.00
2015/12/16,21.24,21.44,20.71,20.80,70685202,1482859392.00
2015/12/17,20.97,21.26,20.85,21.13,89361772,1883345408.00
2015/12/18,21.13,21.27,20.81,20.90,65459703,1374236800.00
2015/12/21,21.06,22.99,21.00,22.99,290560631,6568004096.00
2015/12/22,23.01,24.50,22.99,23.22,228596430,5386498560.00
2015/12/23,23.33,24.44,23.32,23.93,160714461,3828363520.00
2015/12/24,23.99,24.08,22.89,23.21,109195350,2534156288.00
2015/12/25,23.25,23.30,22.80,23.00,65558602,1509414784.00
2015/12/28,23.14,23.45,22.35,22.35,90468176,2061071360.00
2015/12/29,22.32,23.50,22.10,23.10,88311475,2012576256.00
2015/12/30,23.09,23.30,22.72,22.85,64113767,1471577088.00
2015/12/31,22.85,22.95,22.33,22.35,46684646,1051608320.00
2016/01/04,22.36,22.47,20.20,20.26,69900295,1494032768.00
2016/01/05,19.90,21.25,19.80,20.85,102736768,2123742720.00
2016/01/06,20.97,21.10,20.51,21.02,56710998,1182657152.00
2016/01/07,20.70,20.70,19.49,19.58,23123978,462827008.00
2016/01/08,20.22,20.71,19.11,20.25,103633072,2094464256.00
2016/01/11,19.90,20.45,19.30,19.39,79558880,1581340672.00
2016/01/12,19.65,19.87,19.22,19.55,50637771,990630912.00
2016/01/13,19.70,19.86,19.20,19.30,45665506,895008448.00
2016/01/14,18.80,19.70,18.62,19.55,65884150,1265720704.00
2016/01/15,19.24,19.63,18.60,18.80,61535600,1175307520.00
2016/01/18,18.51,19.05,18.50,18.85,38216414,720353728.00
2016/01/19,18.80,19.86,18.76,19.66,62049025,1203350400.00
2016/01/20,19.60,19.73,19.01,19.28,45047511,872346304.00
2016/01/21,19.02,19.40,18.71,18.71,36887474,702271424.00
2016/01/22,18.91,19.30,18.70,19.09,33631756,638674816.00
2016/01/25,19.24,19.46,19.05,19.23,29423813,567330112.00
2016/01/26,19.08,19.16,18.42,18.60,44832451,841980160.00
2016/01/27,18.76,18.92,17.93,18.48,50647839,929965952.00
2016/01/28,18.32,18.76,18.21,18.31,32746852,605757184.00
2016/01/29,18.40,18.90,18.26,18.73,41414298,770606208.00
2016/02/01,18.76,18.81,18.30,18.44,28424313,526632224.00
2016/02/02,18.49,19.08,18.49,18.96,39942851,756074688.00
2016/02/03,18.83,18.97,18.66,18.84,28318037,533254368.00
2016/02/04,18.96,19.29,18.86,19.00,39826952,759789696.00
2016/02/05,18.99,19.09,18.84,18.85,22699646,429874912.00
2016/02/15,18.45,18.83,18.37,18.64,25690356,478760096.00
2016/02/16,18.90,19.19,18.80,19.07,46952805,895230848.00
2016/02/17,19.09,19.31,19.02,19.20,39156957,751372928.00
2016/02/18,19.31,19.38,19.10,19.22,46005651,883698368.00
2016/02/19,19.19,19.28,19.10,19.22,31891275,612235584.00
2016/09/02,19.49,19.49,19.49,19.49,3660890,71350744.00
2016/09/05,21.44,21.44,21.44,21.44,2232309,47860704.00
2016/09/06,23.58,23.58,22.69,23.00,497195532,11567214592.00
2016/09/07,22.90,23.45,22.57,22.86,208790745,4802862592.00
2016/09/08,22.90,23.06,22.21,22.48,152313229,3427819776.00
2016/09/09,22.41,22.64,22.16,22.26,113133326,2534465536.00
2016/09/12,22.00,22.54,21.85,22.07,116637022,2580056576.00
2016/09/13,22.14,22.33,21.88,21.98,88644276,1956996352.00
2016/09/14,21.90,21.96,21.40,21.43,112199729,2426725888.00
2016/09/19,21.42,22.23,21.41,22.09,121387454,2665199104.00
2016/09/20,22.10,22.36,21.93,22.02,68351571,1509674368.00
2016/09/21,22.06,22.10,21.76,22.00,55476657,1218341760.00
2016/09/22,22.12,22.15,21.75,21.75,83299854,1830470912.00
2016/09/23,21.79,21.86,21.39,21.44,64953059,1398231808.00
2016/09/26,21.42,21.89,21.40,21.51,59904057,1295934848.00
2016/09/27,21.55,22.10,21.52,22.03,98104791,2153037056.00
2016/09/28,22.03,22.09,21.80,21.90,59153603,1296675200.00
2016/09/29,21.92,22.07,21.83,21.84,53309547,1169801088.00
2016/09/30,21.85,22.29,21.81,22.22,63326489,1403460096.00
2016/10/10,22.26,22.32,21.69,22.11,74231718,1632180352.00
2016/10/11,22.08,22.22,21.91,22.11,44485825,981783488.00
2016/10/12,22.09,22.46,21.96,22.20,48900210,1088890496.00
2016/10/13,22.23,22.31,21.96,22.07,36322687,802356672.00
2016/10/14,22.00,22.08,21.87,21.94,36161290,793925248.00
2016/10/17,21.97,22.04,21.70,21.74,37290056,814812672.00
2016/10/18,21.70,21.89,21.68,21.88,39306951,856784128.00
2016/10/19,21.89,22.05,21.74,21.78,41540482,909106880.00
2016/10/20,21.78,21.88,21.73,21.82,33305934,726053056.00
2016/10/21,21.82,22.48,21.75,22.44,93835582,2084514176.00
2016/10/24,22.48,22.97,22.48,22.55,78504101,1789141760.00
2016/10/25,22.61,23.20,22.58,23.03,73904829,1698802176.00
2016/10/26,23.02,23.02,22.50,22.63,61316788,1391310976.00
2016/10/27,22.71,22.76,22.35,22.42,32204229,723341952.00
2016/10/28,22.47,22.87,22.34,22.40,56962460,1284819584.00
2016/11/17,22.00,23.55,22.00,22.84,202874171,4677421056.00
2016/11/18,22.70,22.82,22.19,22.52,78822656,1772219136.00
2016/11/21,22.48,23.70,22.40,22.80,200366344,4590813696.00
2016/11/22,22.79,23.78,22.66,23.23,226903116,5277779968.00
2016/11/23,23.80,25.55,23.75,25.55,331121983,8218181632.00
2016/11/24,25.33,27.00,24.92,26.38,321903552,8397362688.00
2016/11/25,26.43,27.30,25.26,27.23,314357507,8319428608.00
2016/11/28,27.23,29.39,27.10,28.47,425252919,11861315584.00
2016/12/01,30.00,31.32,29.88,30.59,474525778,14612061184.00
2016/12/02,30.00,30.15,28.63,28.76,319213665,9348845568.00
2016/12/05,26.66,27.00,25.88,25.88,361948524,9492806656.00
2016/12/06,25.73,27.29,25.40,26.33,313085431,8266878976.00
2016/12/07,26.01,26.45,25.70,26.19,168821109,4390706688.00
2016/12/08,26.17,26.76,25.89,26.24,156625522,4119794176.00
2016/12/09,26.24,27.17,26.16,26.99,228457651,6125511168.00
2016/12/12,26.21,26.29,25.04,25.34,236945486,6119212032.00
2016/12/13,25.48,25.90,24.73,25.54,145517551,3694550272.00
2016/12/14,25.70,25.87,25.10,25.30,129619186,3309430784.00
2016/12/15,25.31,25.55,24.50,24.75,158157239,3933305856.00
2016/12/16,24.70,25.20,24.35,24.99,115983707,2882171136.00
2016/12/19,25.00,25.03,24.10,24.16,105377611,2582589952.00
2016/12/20,24.03,24.35,23.68,24.00,85273631,2044278400.00
2016/12/21,24.11,24.24,23.92,24.20,67003765,1614040704.00
2016/12/22,24.29,24.89,24.23,24.66,110271642,2709628672.00
2016/12/23,24.47,24.50,24.03,24.09,71052822,1719570560.00
2016/12/26,23.90,24.64,23.68,24.62,76051392,1845764736.00
2016/12/27,24.56,25.31,24.50,24.97,102777009,2572493056.00
2016/12/28,25.09,25.26,24.80,24.94,56961122,1420952960.00
2016/12/29,24.86,25.05,24.61,24.83,45414631,1128873088.00
2016/12/30,24.89,25.05,24.62,24.62,46987142,1166376064.00
2017/01/03,24.70,25.24,24.70,25.06,58392946,1461009024.00
2017/01/04,25.09,25.23,24.88,25.14,71662463,1795780736.00
2017/01/05,25.19,25.38,25.09,25.26,63084316,1592596992.00
2017/01/06,25.20,25.21,24.85,25.00,54112990,1352108288.00
2017/01/09,25.00,25.00,24.50,24.74,56230720,1390066304.00
2017/01/10,24.74,24.97,24.51,24.93,46382688,1148129152.00
2017/01/11,24.86,25.08,24.58,24.68,34636462,858835200.00
2017/01/12,24.62,24.73,24.27,24.31,38412942,940257088.00
2017/01/13,24.37,24.45,24.14,24.16,41436082,1005205184.00
2017/01/16,24.16,24.16,23.31,23.79,61220402,1457234432.00
2017/01/17,23.79,24.19,23.69,24.17,38634110,925964096.00
2017/01/18,24.26,25.15,24.26,24.96,91867891,2283524096.00
2017/01/19,25.00,25.15,24.77,24.88,37953089,946378816.00
2017/01/20,24.89,25.55,24.89,25.37,68414335,1734380416.00
2017/01/23,25.51,25.84,25.21,25.28,58959326,1503455616.00
2017/01/24,25.27,25.43,25.10,25.32,39939144,1007975360.00
2017/01/25,25.25,25.50,25.13,25.50,32106771,813670336.00
2017/01/26,25.50,25.94,25.50,25.78,51972770,1339623040.00
2017/02/03,25.70,25.77,25.30,25.39,32540374,828281920.00
2017/02/06,25.38,25.54,25.15,25.26,42327303,1071342656.00
2017/02/07,25.23,25.23,24.99,25.13,45110333,1130717696.00
2017/02/08,25.17,25.45,25.09,25.35,41213856,1041008640.00
2017/02/09,25.40,25.80,25.40,25.62,58511631,1498636544.00
2017/02/10,25.70,26.18,25.61,25.97,76644327,1987487232.00
2017/02/13,25.97,27.13,25.94,27.10,120803896,3225202432.00
2017/02/14,27.30,27.74,26.77,26.90,98828803,2681881344.00
2017/02/15,26.90,27.35,26.75,26.99,79556516,2154887168.00
2017/02/16,26.91,27.59,26.82,27.59,74533260,2025265280.00
2017/02/17,27.70,27.90,27.18,27.41,77363182,2126943488.00
2017/02/20,27.46,28.66,27.45,28.55,132671204,3750275328.00
2017/02/21,28.48,28.63,28.06,28.24,89410466,2527256832.00
2017/02/22,28.10,28.50,27.90,28.32,65162077,1843088768.00
2017/02/23,28.31,28.59,27.80,27.91,70864493,1988514048.00
2017/02/24,27.97,28.14,27.23,27.85,69085597,1911712256.00
2017/02/27,27.80,27.80,27.10,27.13,71562580,1957749376.00
2017/02/28,27.09,27.57,27.09,27.44,43479851,1188971136.00
2017/03/01,27.50,27.75,27.31,27.46,41125794,1132609280.00
2017/03/02,27.50,27.63,27.23,27.31,36512242,999655168.00
2017/03/03,27.28,27.42,27.05,27.30,39569673,1077032448.00
2017/03/06,27.31,28.25,27.31,28.15,87432763,2449349120.00
2017/03/07,28.20,28.36,28.05,28.23,51419658,1450328064.00
2017/03/08,28.27,28.48,27.85,28.09,49569417,1397943424.00
2017/03/09,28.23,28.88,28.23,28.40,73204756,2085704832.00
2017/03/10,28.51,29.04,28.30,28.96,94750593,2728650496.00
2017/03/13,29.00,29.46,28.60,28.87,95811620,2789925888.00
2017/03/14,28.88,28.96,28.48,28.71,61149347,1756199936.00
2017/03/15,28.74,29.55,28.60,29.30,78232482,2286744064.00
2017/03/16,29.39,29.80,29.06,29.23,64965590,1904371456.00
2017/03/17,29.22,29.48,28.80,28.81,56588385,1643675904.00
2017/03/20,29.08,29.45,28.89,29.26,66125991,1928051328.00
2017/03/21,29.40,30.35,29.23,30.34,113584119,3390731520.00
2017/03/22,30.13,30.69,30.01,30.50,86570064,2630659072.00
2017/03/23,30.38,31.26,30.18,31.20,86586813,2653782784.00
2017/03/24,31.36,32.68,31.29,31.54,128281355,4089320704.00
2017/03/27,31.51,32.21,30.68,30.71,104318818,3267187200.00
2017/03/28,30.75,31.16,30.25,30.80,75417342,2307174912.00
2017/03/29,30.79,31.39,30.48,31.20,65734565,2034049792.00
2017/03/30,31.08,31.36,30.10,30.72,76424353,2350905088.00
2017/03/31,30.64,31.70,30.54,31.70,82560679,2580533504.00
2017/04/05,31.75,31.94,31.26,31.46,98651882,3111440128.00
2017/04/06,31.39,32.00,31.18,32.00,73979507,2338718464.00
2017/04/07,31.93,32.60,31.75,31.81,80584365,2588674816.00
2017/04/10,31.81,31.94,31.41,31.52,54280281,1715762432.00
2017/04/11,31.41,31.59,29.72,30.83,124929953,3826328832.00
2017/04/12,30.50,31.09,30.20,30.81,58543347,1800331904.00
2017/04/13,30.79,31.36,30.64,31.25,52023072,1619592448.00
2017/04/14,31.24,31.25,30.67,30.68,40518564,1250165120.00
2017/04/17,30.80,31.75,30.76,31.75,81571243,2559189760.00
2017/04/18,31.80,32.53,31.65,32.23,102956985,3320750080.00
2017/04/19,32.20,33.21,32.03,33.21,122898683,4010426624.00
2017/04/20,33.23,34.18,33.00,33.02,108298933,3643149312.00
2017/04/21,32.85,33.36,32.57,32.91,74958101,2465238272.00
2017/04/24,32.80,33.30,32.01,32.51,64325756,2102623232.00
2017/04/25,32.61,33.88,32.57,33.84,91947057,3053096960.00
2017/04/26,34.00,34.99,33.28,33.43,140373802,4786754048.00
2017/04/27,33.66,33.80,32.75,33.58,105919431,3519960832.00
2017/04/28,33.66,33.70,32.51,33.00,102720474,3375340800.00
2017/05/02,32.70,33.09,32.26,32.97,79112710,2591260416.00
2017/05/03,32.98,33.28,32.51,32.65,70024844,2291726336.00
2017/05/04,32.66,32.92,32.43,32.66,47385261,1549780864.00
2017/05/05,32.49,33.06,32.36,32.77,78196660,2560593408.00
2017/05/08,32.60,33.00,31.66,31.68,92333765,2985580288.00
2017/05/09,31.55,31.55,30.56,31.16,96349426,2983087360.00
2017/05/10,31.45,31.97,31.30,31.48,70427368,2229272576.00
2017/05/11,31.30,32.90,31.17,32.88,98916592,3187443456.00
2017/05/12,32.97,33.14,32.57,33.07,66809828,2193955072.00
2017/05/15,33.07,33.30,32.78,33.03,52478210,1735105280.00
2017/05/16,32.80,33.58,32.51,33.58,76619765,2534770944.00
2017/05/17,33.42,33.95,32.88,32.92,80661516,2688149504.00
2017/05/18,32.70,32.97,32.51,32.64,42048807,1376359040.00
2017/05/19,32.73,33.37,32.72,33.10,55586730,1840866816.00
2017/05/22,33.15,33.88,32.81,33.82,77215795,2587261440.00
2017/05/23,33.80,34.18,33.62,33.99,85016398,2883781888.00
2017/05/24,33.74,34.00,33.20,33.75,68440579,2301357312.00
2017/05/25,33.50,33.99,33.41,33.59,46546710,1567669760.00
2017/05/26,33.68,34.30,33.65,34.07,56098814,1905105152.00
2017/05/31,34.14,34.20,33.45,34.08,70787353,2395871744.00
2017/06/01,33.92,34.28,33.85,33.97,50385538,1717571072.00
2017/06/02,34.03,34.08,33.30,33.50,59104049,1986512128.00
2017/06/05,33.37,33.70,33.20,33.27,39084146,1304214400.00
2017/06/06,33.27,34.30,33.27,34.26,79273316,2687059968.00
2017/06/07,34.35,35.00,34.16,34.60,96207112,3333755904.00
2017/06/08,34.70,36.34,34.68,36.25,113667099,4032706816.00
2017/06/09,36.25,37.10,35.86,36.04,114405733,4163982848.00
2017/06/12,36.00,37.57,35.90,37.57,99137599,3644884480.00
2017/06/13,37.15,37.48,36.96,37.35,66878314,2489127168.00
2017/06/14,37.37,37.80,36.16,36.43,87724616,3230802432.00
2017/06/15,36.49,36.94,36.00,36.54,70247051,2554903552.00
2017/06/16,36.44,36.85,35.92,35.99,65617093,2375342080.00
2017/06/19,36.11,37.34,36.06,37.31,76160712,2801038336.00
2017/06/20,37.70,37.85,36.93,37.31,85731758,3208216576.00
2017/06/21,37.60,38.61,37.13,38.54,91981034,3485219328.00
2017/06/22,38.54,39.67,38.39,38.62,128186288,4999227904.00
2017/06/23,38.55,40.08,38.20,40.01,109628096,4299981824.00
2017/06/26,40.01,41.56,39.81,40.64,122611768,4996430336.00
2017/06/27,40.77,41.50,40.30,41.43,75671884,3083068672.00
2017/06/28,41.29,41.56,40.11,40.36,89819589,3658564864.00
2017/06/29,40.66,40.80,39.95,40.50,70681775,2847476992.00
2017/06/30,40.46,41.56,40.16,41.17,82878428,3408326656.00
2017/07/03,41.30,41.55,40.09,40.49,73992678,3006312704.00
2017/07/04,40.50,40.55,38.88,39.87,104829316,4144721664.00
2017/07/05,38.11,39.30,37.20,39.26,95911898,3702630912.00
2017/07/06,39.40,39.60,38.66,39.20,71331863,2783254272.00
2017/07/07,38.90,39.09,38.21,38.41,66968140,2579599360.00
2017/07/10,38.50,39.37,38.46,39.06,65907620,2571348992.00
2017/07/11,39.30,41.65,39.18,41.53,142806067,5808663040.00
2017/07/12,41.53,41.75,40.43,40.79,86073449,3533183744.00
2017/07/13,40.77,41.38,40.46,41.01,50753833,2080356096.00
2017/07/14,40.82,41.33,40.40,41.08,44147333,1804089472.00
2017/07/17,41.08,41.69,40.40,41.06,78322613,3210524672.00
2017/07/18,40.60,41.02,39.71,40.23,72872977,2927970304.00
2017/07/19,40.00,40.85,39.75,39.99,78962167,3171031040.00
2017/07/20,39.99,41.30,39.75,41.04,91357883,3697041920.00
2017/07/21,41.00,41.21,40.53,40.71,52351580,2137372032.00
2017/07/24,40.70,41.79,40.36,41.30,75413888,3114367488.00
2017/07/25,41.29,41.55,40.93,41.02,46600364,1919287168.00
2017/07/26,41.04,41.20,39.70,40.00,69488925,2796825600.00
2017/07/27,39.90,39.90,38.55,38.90,91957958,3597347072.00
2017/07/28,39.33,39.79,39.00,39.57,56751266,2243245312.00
2017/07/31,39.63,39.63,38.97,39.24,52741875,2068676352.00
2017/08/01,39.18,39.93,38.98,39.26,56747842,2236445184.00
2017/08/02,39.26,39.56,38.88,39.02,49557343,1938249728.00
2017/08/03,39.00,39.00,37.95,38.33,79637734,3055753984.00
2017/08/04,38.33,38.68,37.65,37.79,63947626,2423898880.00
2017/08/07,37.79,38.60,36.83,38.43,68958472,2614985984.00
2017/08/08,38.35,38.86,38.15,38.49,36830840,1420883968.00
2017/08/09,38.49,39.50,38.20,39.18,57254956,2237104896.00
2017/08/10,39.18,39.60,38.50,38.82,41532877,1624527488.00
2017/08/11,38.35,39.01,38.00,38.16,38057761,1462804224.00
2017/08/14,38.20,39.25,38.20,38.83,42768997,1661153024.00
2017/08/15,38.86,38.99,38.38,38.58,36954945,1425638784.00
2017/08/16,38.48,38.55,37.66,37.92,52873150,2008798080.00
2017/08/17,38.01,38.33,37.60,38.08,42034338,1595415680.00
2017/08/18,37.89,38.43,37.74,38.27,30106776,1149783168.00
2017/08/21,38.32,39.00,38.12,38.90,42879719,1663843328.00
2017/08/22,39.11,39.62,38.91,39.06,45697018,1794456960.00
2017/08/23,39.10,39.26,38.92,39.20,30427118,1190481280.00
2017/08/24,39.21,39.50,39.10,39.43,39525290,1556489856.00
2017/08/25,39.62,40.15,39.50,39.65,55122799,2194200576.00
2017/08/28,40.04,40.50,39.50,39.82,59268742,2371946240.00
2017/08/29,39.91,39.94,39.00,39.38,49217038,1936017920.00
2017/08/30,39.49,39.61,39.12,39.58,35484868,1397902848.00
2017/08/31,40.12,40.35,38.12,38.65,121464742,4734513664.00
2017/09/01,38.67,38.67,37.92,38.11,108211003,4132172288.00
2017/09/04,38.08,38.32,37.80,38.08,66997809,2546009088.00
2017/09/05,38.08,38.33,37.90,38.13,49734610,1895291008.00
2017/09/06,38.13,38.25,37.93,38.19,37648467,1433627136.00
2017/09/07,38.05,38.12,37.65,37.80,57646505,2180739584.00
2017/09/08,37.70,37.80,37.01,37.09,85439379,3185832960.00
2017/09/11,37.02,37.52,36.78,37.11,51366780,1909925504.00
2017/09/12,37.10,37.10,36.42,36.70,75672420,2775098368.00
2017/09/13,36.70,37.48,36.56,37.33,71801951,2675484928.00
2017/09/14,37.33,37.65,37.03,37.50,48119799,1799778560.00
2017/09/15,37.49,38.09,37.23,37.94,64850210,2455655424.00
2017/09/19,38.00,38.38,37.24,37.29,63120111,2378462976.00
2017/09/20,37.40,37.98,37.30,37.83,47074013,1775328640.00
2017/09/21,37.96,38.15,37.78,37.99,43529792,1653883136.00
2017/09/22,37.90,39.63,37.86,39.25,112424816,4365069824.00
2017/09/25,39.20,39.52,38.68,38.93,61059034,2385677056.00
2017/09/26,38.91,39.13,38.20,38.40,46208579,1780413312.00
2017/09/27,38.48,38.79,38.13,38.55,34762077,1339555712.00
2017/09/28,38.55,38.62,37.87,37.90,47943626,1823947520.00
2017/09/29,37.94,38.25,37.80,37.90,34761991,1320958336.00
2017/10/09,38.50,39.58,38.02,39.10,116683015,4561599488.00
2017/10/10,39.28,39.54,38.15,38.79,85889566,3326469632.00
2017/10/11,38.69,40.21,38.52,39.95,140421926,5565206016.00
2017/10/12,39.98,40.59,39.83,40.42,96935922,3905487104.00
2017/10/13,40.45,40.64,39.85,40.27,53133407,2137936512.00
2017/10/16,40.27,40.60,39.50,39.50,56472293,2265666560.00
2017/10/17,39.76,40.68,39.39,40.68,83201264,3345972224.00
2017/10/18,40.70,41.20,40.40,41.19,77649402,3170318080.00
2017/10/19,40.99,41.55,40.57,41.06,66751228,2740216320.00
2017/10/20,40.92,40.92,40.04,40.50,49367747,1996317056.00
2017/10/23,40.50,40.90,40.09,40.63,39702235,1604936704.00
2017/10/24,40.33,41.45,40.27,41.27,66961177,2748037888.00
2017/10/25,41.20,41.95,41.10,41.81,72821082,3026016000.00
2017/10/26,42.01,43.60,41.70,42.88,96332780,4121241856.00
2017/10/27,42.70,43.80,42.61,43.77,69254232,2995886848.00
2017/10/30,43.90,44.30,42.70,43.75,64570923,2814220800.00
2017/10/31,43.80,43.80,42.24,42.55,83680955,3585626880.00
2017/11/01,42.60,43.08,41.59,41.80,95161058,4016069632.00
2017/11/02,41.82,42.27,41.35,42.26,54494064,2280662016.00
2017/11/03,42.27,42.58,41.60,41.83,54352787,2285683200.00
2017/11/06,41.86,43.72,41.79,43.53,92070149,3960060160.00
2017/11/07,43.60,45.00,43.40,44.19,86112931,3811237376.00
2017/11/08,44.17,45.00,43.32,43.53,81593662,3622381056.00
2017/11/09,43.55,43.81,42.59,43.74,64126897,2771262720.00
2017/11/10,43.72,45.74,43.66,45.67,104365955,4679543296.00
2017/11/13,45.95,46.46,45.36,45.64,74742854,3422990080.00
2017/11/14,45.47,45.50,44.38,44.86,66872141,2998018560.00
2017/11/15,44.68,45.66,44.42,45.46,63315260,2856735488.00
2017/11/16,45.10,45.86,44.50,45.86,65831356,2977224960.00
2017/11/17,45.69,46.30,44.98,45.95,87695140,4016694528.00
2017/11/20,45.50,45.94,44.70,45.82,61738643,2798212096.00
2017/11/21,45.81,47.80,45.70,47.80,121642974,5737165824.00
2017/11/22,47.86,48.19,46.95,47.36,87758513,4170542848.00
2017/11/23,47.01,47.15,44.60,45.01,95831030,4404014592.00
2017/11/24,44.60,45.54,43.50,45.51,109609343,4854460928.00
2017/11/27,44.95,44.95,43.64,44.04,72747790,3202360576.00
2017/11/28,43.70,44.39,43.51,44.00,43287432,1899659008.00
2017/11/29,44.15,44.28,42.21,42.45,74655846,3199282944.00
2017/11/30,42.50,42.94,42.07,42.45,48598306,2062599168.00
2017/12/01,42.52,42.70,41.50,41.63,69990807,2935892480.00
2017/12/04,41.50,42.51,41.33,42.16,70067071,2950064384.00
2017/12/05,41.81,42.95,41.77,42.50,73080506,3103905280.00
2017/12/06,42.40,42.71,41.05,41.95,64766148,2723855360.00
2017/12/07,41.78,42.05,40.70,40.80,60552816,2495845120.00
2017/12/08,40.89,42.14,40.89,41.69,57638126,2398507520.00
2017/12/11,42.30,43.59,42.12,43.44,81897492,3530708480.00
2017/12/12,43.60,44.17,43.00,43.02,55132465,2403243776.00
2017/12/13,43.18,44.10,43.01,43.95,58537097,2552142080.00
2017/12/14,44.00,44.17,43.30,43.72,41619750,1816881024.00
2017/12/15,43.71,43.71,43.06,43.11,33929331,1470762112.00
2017/12/18,43.05,44.06,42.88,43.95,53695854,2349248000.00
2017/12/19,43.75,44.93,43.70,44.58,59016695,2618681856.00
2017/12/20,44.53,45.32,44.19,44.48,55761065,2501089024.00
2017/12/21,44.61,45.21,44.32,45.06,45303235,2032687872.00
2017/12/22,45.00,45.39,44.60,45.07,32206075,1448117120.00
2017/12/25,45.10,46.00,45.10,45.41,50077060,2284269824.00
2017/12/26,45.60,45.62,44.29,44.66,38228901,1713187584.00
2017/12/27,44.73,44.78,43.11,43.18,53113632,2324725504.00
2017/12/28,43.35,44.28,43.13,43.74,43124387,1890649856.00
2017/12/29,43.90,44.40,43.44,43.70,36847964,1617705856.00
2018/01/02,44.20,45.20,44.18,45.15,58714642,2631043584.00
2018/01/03,45.30,46.46,45.20,45.65,79430489,3645804288.00
2018/01/04,46.00,46.58,45.73,46.58,64048524,2965733888.00
2018/01/05,46.80,47.95,46.31,47.88,78186580,3697662976.00
2018/01/08,48.17,48.95,47.30,47.83,78863047,3791399936.00
2018/01/09,47.72,49.48,47.59,49.40,76885691,3757485312.00
2018/01/10,49.30,51.96,48.97,51.05,108682406,5488722944.00
2018/01/11,50.81,52.11,50.22,50.80,68411366,3497294336.00
2018/01/12,50.80,53.48,50.24,53.30,85482106,4446926336.00
2018/01/15,53.19,55.15,52.99,54.60,96944100,5261158400.00
2018/01/16,54.10,55.48,53.41,54.37,81664860,4449132544.00
2018/01/17,53.98,54.96,51.65,52.04,96872409,5115844608.00
2018/01/18,51.70,53.09,51.60,52.26,60653125,3179439104.00
2018/01/19,52.09,52.76,51.13,51.45,60804729,3153380608.00
2018/01/22,51.50,56.60,51.50,56.60,113054174,6167126528.00
2018/01/23,56.50,56.90,55.45,56.79,81173819,4562667008.00
2018/01/24,56.70,56.72,55.18,55.77,62758287,3501233920.00
2018/01/25,55.45,56.37,54.30,55.40,59065207,3265701120.00
2018/01/26,55.01,58.70,54.77,57.40,86782919,4941356544.00
2018/01/29,57.00,58.07,55.00,55.78,83229496,4687004160.00
2018/01/30,55.34,55.50,54.25,54.35,64305910,3524233728.00
2018/01/31,54.00,56.56,53.88,55.94,66728456,3696248576.00
2018/02/01,56.28,56.36,54.05,55.58,70318799,3879257600.00
2018/02/02,55.01,55.88,54.20,55.49,48599628,2682193408.00
2018/02/05,54.75,55.49,52.65,54.05,83155800,4505254912.00
2018/02/06,52.19,53.86,51.70,53.42,98062601,5167162368.00
2018/02/07,54.45,54.89,50.10,50.28,91032630,4764071936.00
2018/02/08,50.30,51.86,49.15,51.00,87365556,4437408768.00
2018/02/09,49.10,49.89,48.18,49.45,97781828,4804048384.00
2018/02/12,49.69,51.86,49.58,51.51,76337268,3873398528.00
2018/02/13,52.10,53.70,52.10,52.40,61685032,3252801024.00
2018/02/14,52.51,54.38,52.51,54.24,47957181,2563471104.00
2018/02/22,55.23,55.80,54.55,54.99,61822606,3409630720.00
2018/02/23,55.00,55.24,53.87,54.06,56694257,3087345152.00
2018/02/26,54.78,54.90,53.64,54.65,52646601,2865392896.00
2018/02/27,54.65,54.65,51.83,52.01,115739139,6096349696.00
2018/02/28,51.09,52.51,50.45,51.69,61889366,3197420800.00
2018/03/01,51.35,52.26,51.01,51.58,52937677,2732302848.00
2018/03/02,51.05,52.69,50.78,52.48,56326174,2931942912.00
2018/03/05,52.47,52.64,51.32,51.63,40880731,2117091584.00
2018/03/06,51.93,51.96,50.51,51.87,45887465,2349387008.00
2018/03/07,51.87,52.49,51.36,51.72,33301314,1731324160.00
2018/03/08,51.52,53.30,51.21,53.16,54830779,2870027520.00
2018/03/09,53.17,53.56,52.62,53.04,47388746,2513600512.00
2018/03/12,53.35,53.95,52.30,53.29,65329970,3478909440.00
2018/03/13,53.19,53.70,52.64,53.00,46368411,2470216960.00
2018/03/14,52.59,52.91,52.01,52.18,41314548,2162866944.00
2018/03/15,52.00,53.86,51.93,53.80,75744366,4042627584.00
2018/03/16,53.78,53.85,53.23,53.42,74918126,4012414208.00
2018/03/19,53.32,53.35,52.50,52.93,36999780,1953196672.00
2018/03/20,52.60,52.66,51.70,52.20,43432155,2261032448.00
2018/03/21,52.25,52.61,51.68,51.70,35739786,1862770816.00
2018/03/22,51.70,51.95,49.80,49.90,84282065,4246434560.00
2018/03/23,47.90,49.20,46.41,48.88,89701743,4313331200.00
2018/03/26,48.10,48.50,47.28,48.13,55748522,2666239744.00
2018/03/27,48.86,49.25,47.02,47.44,59263054,2850105344.00
2018/03/28,47.00,47.00,45.01,45.51,93407226,4285924608.00
2018/03/29,45.73,47.50,44.53,47.10,84705533,3905497600.00
2018/03/30,46.99,47.70,46.70,46.90,50675548,2389060352.00
2018/04/02,46.63,47.56,45.84,45.97,50899609,2364191488.00
2018/04/03,45.50,46.48,45.13,46.12,37204690,1711854336.00
2018/04/04,46.30,47.45,45.93,46.80,49121551,2304030464.00
2018/04/09,46.65,46.98,45.42,45.72,50526163,2321739008.00
2018/04/10,45.90,47.68,45.90,47.68,58234674,2732963584.00
2018/04/11,48.00,48.86,47.98,48.12,53506850,2587783936.00
2018/04/12,48.13,48.40,47.60,47.80,31813832,1524962432.00
2018/04/13,48.18,48.55,47.12,47.45,33791871,1615316992.00
2018/04/16,47.45,47.75,45.76,46.19,52929896,2459699712.00
2018/04/17,46.14,46.47,45.20,45.29,51866284,2369145088.00
2018/04/18,45.88,46.05,44.75,45.35,45172183,2046752000.00
2018/04/19,45.62,47.66,45.36,47.60,66392257,3114645760.00
2018/04/20,47.83,49.30,47.59,47.85,76721481,3713014272.00
2018/04/23,48.09,49.76,48.09,49.72,76366234,3758734592.00
2018/04/24,50.09,51.06,49.80,50.19,68244211,3440975360.00
2018/04/25,50.00,50.94,49.72,50.07,43375133,2172387328.00
2018/04/26,45.12,47.22,45.06,45.58,374562478,17120544768.00
2018/04/27,46.30,46.40,44.08,44.08,229328728,10364327936.00
2018/05/02,44.23,45.51,44.22,45.20,97417831,4377469440.00
2018/05/03,45.16,45.89,44.58,45.79,93089614,4216684288.00
2018/05/04,45.79,46.87,45.70,45.88,86575306,4005374208.00
2018/05/07,46.19,46.85,45.36,46.72,94224179,4362156032.00
2018/05/08,46.77,48.20,46.76,48.00,98575622,4715468288.00
2018/05/09,48.12,48.25,47.58,48.20,62349524,2987756544.00
2018/05/10,48.34,48.62,47.71,48.21,56093513,2697175296.00
2018/05/11,48.40,48.49,47.20,47.50,54755105,2612070656.00
2018/05/14,47.98,48.69,47.83,48.58,68431158,3309888768.00
2018/05/15,48.75,48.75,48.03,48.35,47644235,2299143936.00
2018/05/16,48.06,48.27,47.80,47.88,40971278,1966334080.00
2018/05/17,48.23,48.43,47.70,47.75,43653199,2094714112.00
2018/05/18,47.65,48.35,47.23,48.27,48718536,2332980480.00
2018/05/21,48.40,48.50,47.73,47.94,57405775,2754567680.00
2018/05/22,47.78,47.78,46.33,46.80,83949514,3931905024.00
2018/05/23,46.72,46.72,46.10,46.22,39970561,1852564352.00
2018/05/24,46.22,46.40,45.54,45.61,45100043,2071873152.00
2018/05/25,45.61,46.09,45.50,45.74,33685203,1543374720.00
2018/05/28,45.81,46.82,45.57,46.63,50153842,2327884544.00
2018/05/29,46.69,46.79,45.97,46.07,39108146,1809381248.00
2018/05/30,45.48,45.86,44.60,45.33,44397400,2012561664.00
2018/05/31,45.85,47.84,45.54,47.50,104390682,4896816128.00
2018/06/01,47.30,47.30,46.26,46.58,49574121,2317118464.00
2018/06/04,47.00,48.31,46.99,47.81,102494675,4905856000.00
2018/06/05,48.00,48.84,47.93,48.55,103309517,4998402048.00
2018/06/06,48.55,48.80,48.15,48.41,54554460,2643308544.00
2018/06/07,48.75,48.86,47.92,47.98,56442886,2729668608.00
2018/06/08,47.95,48.73,47.75,48.15,73404086,3541127424.00
2018/06/11,48.70,49.48,48.23,48.93,88036884,4306262528.00
2018/06/12,49.16,50.58,48.95,50.40,101023385,5039651328.00
2018/06/13,50.20,50.76,49.75,49.88,56532002,2843041536.00
2018/06/14,49.93,50.23,48.65,48.94,60791716,2994396160.00
2018/06/15,49.02,49.55,48.60,49.01,44982206,2207442944.00
2018/06/19,48.02,48.50,46.73,47.33,92487401,4415222784.00
2018/06/20,47.22,48.19,46.88,47.88,50405810,2397185024.00
2018/06/21,47.89,48.84,47.66,47.86,48925961,2363811840.00
2018/06/22,47.50,48.11,46.86,48.06,45700588,2168283904.00
2018/06/25,48.25,48.99,47.55,47.76,51231492,2482119680.00
2018/06/26,47.10,47.76,46.62,47.30,48389615,2283123712.00
2018/06/27,47.36,47.70,45.18,45.47,72707903,3356765184.00
2018/06/28,44.90,45.92,44.71,45.18,51444387,2333097984.00
2018/06/29,45.60,47.20,45.20,47.15,48587654,2252658688.00
2018/07/02,47.00,47.00,44.98,45.35,62894541,2881379840.00
2018/07/03,45.37,45.71,43.11,44.60,80729650,3574460672.00
2018/07/04,44.63,44.87,42.90,43.18,55188703,2416923648.00
2018/07/05,43.80,44.53,43.34,43.41,52083304,2287458048.00
2018/07/06,43.79,44.68,43.31,44.20,48774501,2147081600.00
2018/07/09,44.78,46.15,44.41,46.02,60838197,2768288768.00
2018/07/10,46.02,46.18,45.33,45.88,38756822,1775031680.00
2018/07/11,44.80,45.64,44.40,45.29,31229807,1408057472.00
2018/07/12,45.15,46.72,45.15,46.10,44135425,2039515264.00
2018/07/13,46.27,46.75,46.10,46.46,36846374,1711183744.00
2018/07/16,46.71,47.20,46.06,46.45,30450373,1416062720.00
2018/07/17,46.26,46.28,45.40,45.74,30106764,1373629184.00
2018/07/18,45.80,46.37,44.50,44.85,48823454,2209185024.00
2018/07/19,44.98,45.53,44.55,45.23,29247677,1319150080.00
2018/07/20,44.90,45.26,43.76,45.06,62797184,2788281856.00
2018/07/23,44.60,44.60,43.80,44.50,55466055,2447499520.00
2018/07/24,44.98,45.97,44.58,45.78,67554087,3071358464.00
2018/07/25,45.89,45.98,44.86,44.96,50459246,2277135616.00
2018/07/26,45.00,45.28,44.39,44.51,33883220,1517735936.00
2018/07/27,44.51,44.55,43.81,44.12,31911312,1405126528.00
2018/07/30,44.00,44.34,43.70,44.22,31568785,1389043456.00
2018/07/31,44.02,44.51,43.90,44.17,21009836,928436160.00
2018/08/01,44.45,44.51,42.98,43.05,50146597,2185344768.00
2018/08/02,43.00,43.00,40.56,41.12,79350394,3287575040.00
2018/08/03,40.98,41.29,39.13,39.51,82263427,3283077888.00
2018/08/06,39.65,39.90,38.62,38.83,59217113,2321179392.00
2018/08/07,39.20,40.45,38.84,40.42,66269803,2635185920.00
2018/08/08,40.42,40.50,39.11,39.19,47816648,1896958336.00
2018/08/09,39.01,40.86,38.92,40.36,59635237,2401246464.00
2018/08/10,40.83,41.16,40.43,40.70,39076142,1592555904.00
2018/08/13,40.10,40.39,39.76,40.35,31910443,1278853120.00
2018/08/14,40.45,40.49,39.70,40.00,25217061,1008666816.00
2018/08/15,40.00,40.00,38.88,38.94,39900183,1562895744.00
2018/08/16,38.40,39.42,37.80,38.69,34871393,1350629120.00
2018/08/17,39.19,39.34,37.90,38.00,34113314,1311708544.00
2018/08/20,37.90,38.35,37.36,38.35,36936070,1401297408.00
2018/08/21,38.55,39.88,38.30,39.78,57693977,2271111936.00
2018/08/22,39.71,39.71,39.10,39.28,27804813,1093520384.00
2018/08/23,39.30,39.57,38.56,39.18,39532138,1545639424.00
2018/08/24,38.98,39.28,38.68,38.94,29073278,1132523904.00
2018/08/27,39.10,40.63,39.10,40.34,54521948,2186797056.00
2018/08/28,40.46,41.08,40.34,40.63,39962569,1626500224.00
2018/08/29,40.55,41.12,40.38,40.91,36108349,1474410752.00
2018/08/30,40.99,41.39,39.90,40.60,48278906,1963324800.00
2018/08/31,39.00,39.50,38.51,38.95,102467246,3993999104.00
2018/09/03,38.77,38.77,38.11,38.46,52278011,2006035456.00
2018/09/04,38.65,39.09,38.11,38.86,42231250,1627596672.00
2018/09/05,38.56,38.64,37.58,37.61,61375742,2335170560.00
2018/09/06,37.58,37.78,36.37,36.51,78445990,2900214528.00
2018/09/07,36.70,37.19,36.01,36.54,53708811,1965460736.00
2018/09/10,36.30,36.43,35.77,36.00,39319076,1416210048.00
2018/09/11,36.03,36.53,36.02,36.23,36371378,1318211584.00
2018/09/12,36.24,36.26,35.60,35.77,39131741,1403583104.00
2018/09/13,36.22,36.49,35.80,36.45,43396528,1571760000.00
2018/09/14,36.45,37.37,36.23,37.08,47100832,1733441024.00
2018/09/17,36.70,37.24,36.52,36.80,29136680,1073300032.00
2018/09/18,36.60,37.05,35.80,37.04,56751374,2075618176.00
2018/09/19,36.80,38.88,36.70,38.37,95625651,3631562752.00
2018/09/20,38.25,39.18,38.18,38.41,56476090,2180821760.00
2018/09/21,38.70,40.12,38.50,39.87,82099433,3233924864.00
2018/09/25,39.25,39.49,38.71,39.05,51620143,2015888640.00
2018/09/26,39.30,39.99,38.91,39.33,59655848,2358120192.00
2018/09/27,39.03,39.81,38.75,39.52,50495586,1989451776.00
2018/09/28,39.63,40.43,39.63,40.20,50472250,2026749312.00
2018/10/08,38.75,39.13,37.91,37.93,71541396,2754251264.00
2018/10/09,38.65,39.17,38.50,38.83,45996819,1787840128.00
2018/10/10,39.09,39.35,38.17,38.31,42694851,1649441024.00
2018/10/11,37.20,37.87,36.80,37.05,71218833,2650450432.00
2018/10/12,37.40,38.70,37.03,38.70,61374342,2323538688.00
2018/10/15,38.69,38.94,37.90,38.15,47566508,1827392896.00
2018/10/16,38.10,38.88,37.75,38.11,39089670,1497047296.00
2018/10/17,38.80,38.89,37.55,38.45,41325035,1581461760.00
2018/10/18,37.97,38.16,37.10,37.20,43330748,1628435456.00
2018/10/19,36.87,38.68,36.86,38.63,56906095,2161112320.00
2018/10/22,39.25,40.76,39.12,40.11,85076266,3399153664.00
2018/10/23,39.88,40.59,38.81,39.24,69695043,2772693248.00
2018/10/24,39.20,40.18,39.05,39.45,44367521,1757626752.00
2018/10/25,38.40,39.47,38.20,39.10,42077964,1630219776.00
2018/10/26,39.50,39.63,38.55,38.80,38069883,1486496512.00
2018/10/29,38.42,38.42,36.12,36.38,93306247,3435624448.00
2018/10/30,36.24,37.43,36.00,37.00,50763552,1865534848.00
2018/10/31,37.50,38.18,37.31,38.06,50725266,1920499072.00
2018/11/01,38.55,39.44,38.51,38.70,61359258,2392012032.00
2018/11/02,39.97,40.52,39.60,40.16,81441996,3264177408.00
2018/11/05,39.86,40.30,39.55,39.98,46746921,1864181888.00
2018/11/06,40.00,40.00,39.00,39.41,33294863,1309356416.00
2018/11/07,39.60,39.91,39.11,39.18,31351158,1238519424.00
2018/11/08,39.61,39.75,39.08,39.19,26830348,1057217280.00
2018/11/09,38.93,39.14,38.50,38.64,26105842,1011492352.00
2018/11/12,38.64,39.25,38.33,39.21,29477913,1145355392.00
2018/11/13,38.59,39.69,38.51,39.41,35398971,1386089984.00
2018/11/14,39.00,39.18,38.75,38.80,32438395,1261729408.00
2018/11/15,38.63,38.70,37.82,38.53,45549614,1744850944.00
2018/11/16,38.56,38.99,38.12,38.59,41865538,1616274176.00
2018/11/19,38.59,38.93,38.14,38.86,38132622,1471161600.00
2018/11/20,38.64,38.64,37.85,37.99,41231029,1572228992.00
2018/11/21,37.57,38.12,37.50,37.97,22112102,836940032.00
2018/11/22,38.10,38.16,37.65,37.96,18714399,709273920.00
2018/11/23,37.90,38.12,37.40,37.46,21844394,822633600.00
2018/11/26,37.46,37.88,37.01,37.23,22090094,825555712.00
2018/11/27,37.40,37.48,36.80,36.90,27146789,1005759488.00
2018/11/28,36.96,37.60,36.95,37.60,27069552,1011449344.00
2018/11/29,37.95,37.98,37.01,37.07,25741960,963992192.00
2018/11/30,37.15,37.21,36.67,36.85,38647757,1426265088.00
2018/12/03,37.92,38.18,37.15,37.95,86638079,3269806080.00
2018/12/04,37.70,37.98,37.54,37.85,36361010,1375266432.00
2018/12/05,37.40,37.67,37.26,37.34,38699192,1447294464.00
2018/12/06,36.95,36.97,36.41,36.50,63773779,2334525952.00
2018/12/07,36.67,36.76,36.40,36.48,24497130,894734912.00
2018/12/10,36.12,36.38,35.65,35.83,41531242,1490590720.00
2018/12/11,35.98,36.26,35.85,36.16,23379643,842305472.00
2018/12/12,36.49,36.51,36.10,36.34,22464116,815424128.00
2018/12/13,36.60,38.14,36.52,37.80,102343033,3842675968.00
2018/12/14,37.60,37.95,37.23,37.33,46576303,1749393408.00
2018/12/17,37.33,37.52,36.70,37.06,36371075,1346636160.00
2018/12/18,36.74,37.24,36.51,36.80,33806503,1244422656.00
2018/12/19,36.95,36.98,36.38,36.43,27630413,1012092992.00
2018/12/20,36.38,36.58,36.06,36.30,31210379,1131443328.00
2018/12/21,36.31,36.37,35.70,36.07,35808526,1285426816.00
2018/12/24,35.90,36.18,35.69,36.18,23683733,851441792.00
2018/12/25,35.77,36.04,35.35,35.88,35960478,1281042048.00
2018/12/26,35.85,36.28,35.70,35.88,21488857,772737536.00
2018/12/27,36.45,36.58,35.66,35.68,32759384,1182380416.00
2018/12/28,35.81,36.03,35.56,35.69,25914434,927786880.00
2019/01/02,36.45,36.45,35.70,35.80,42478984,1530288768.00
2019/01/03,35.80,36.19,35.75,35.92,25879802,930818176.00
2019/01/04,35.72,36.70,35.56,36.65,48961213,1778066688.00
2019/01/07,36.88,36.96,36.25,36.48,39269076,1433346176.00
2019/01/08,36.41,36.42,36.03,36.34,19302164,700121408.00
2019/01/09,37.20,38.06,37.07,37.51,105806077,3985321472.00
2019/01/10,37.38,37.93,37.29,37.76,47756614,1803308928.00
2019/01/11,37.96,37.96,37.39,37.73,33092589,1246253824.00
2019/01/14,37.77,37.97,37.54,37.68,21177348,798844032.00
2019/01/15,37.84,38.88,37.71,38.78,61271292,2358470656.00
2019/01/16,38.80,39.50,38.65,39.31,50192876,1965928960.00
2019/01/17,38.10,38.88,37.84,38.66,92745328,3563409408.00
2019/01/18,38.68,39.15,38.43,38.97,56937644,2211036416.00
2019/01/21,39.03,40.15,38.85,39.48,58980901,2334690048.00
2019/01/22,39.47,39.47,38.67,38.91,31945881,1243034880.00
2019/01/23,38.72,39.46,38.48,39.19,34826523,1365387904.00
2019/01/24,39.46,39.50,39.00,39.38,29729031,1168618112.00
2019/01/25,39.56,40.10,39.23,39.90,48283883,1926015488.00
2019/01/28,40.10,41.29,40.05,40.29,51847665,2107414528.00
2019/01/29,40.25,41.17,40.12,41.10,52298077,2131184256.00
2019/01/30,40.83,41.05,40.44,40.70,33230654,1355912064.00
2019/01/31,41.08,41.75,40.88,41.75,47374589,1963680000.00
2019/02/01,42.35,42.35,41.65,41.96,40894729,1714917888.00
2019/02/11,41.87,43.28,41.79,43.07,39917349,1707182336.00
2019/02/12,43.07,43.45,42.82,43.22,36698352,1582481920.00
2019/02/13,43.37,43.65,42.83,43.51,41802503,1810395648.00
2019/02/14,43.46,44.50,43.21,44.35,43546157,1919738240.00
2019/02/15,44.24,44.25,42.66,42.75,64381715,2788302080.00
2019/02/18,43.29,44.28,43.21,44.09,48026017,2110376192.00
2019/02/19,44.50,45.50,44.25,44.62,53235010,2388570880.00
2019/02/20,44.99,45.08,44.25,44.99,33464112,1497965952.00
2019/02/21,45.10,45.50,44.62,44.84,44965515,2027676032.00
2019/02/22,44.79,45.00,43.99,44.96,45113200,2012175872.00
2019/02/25,45.11,46.10,44.40,46.08,93008257,4201073408.00
2019/02/26,46.02,46.02,44.81,44.93,67527001,3054746624.00
2019/02/27,45.30,45.36,44.20,44.55,46966648,2106323328.00
2019/02/28,44.50,45.13,44.44,44.80,34638053,1552155264.00
2019/03/01,45.16,45.86,45.03,45.73,64503002,2929047040.00
2019/03/04,46.27,47.74,46.00,46.65,88029512,4126903808.00
2019/03/05,47.05,47.47,46.70,47.08,53711471,2529131520.00
2019/03/06,47.30,47.80,46.71,47.10,47632361,2245821696.00
2019/03/07,47.10,47.11,45.50,45.74,63612511,2927540224.00
2019/03/08,44.76,45.39,44.43,44.51,63223056,2831377920.00
2019/03/11,44.51,45.46,44.51,45.37,42744102,1923601024.00
2019/03/12,45.73,45.75,44.60,44.80,70191342,3162377984.00
2019/03/13,44.88,45.25,44.80,44.95,39902264,1795234944.00
2019/03/14,44.90,46.00,44.83,45.46,51368856,2338446592.00
2019/03/15,45.50,47.68,45.50,46.92,83975319,3931306240.00
2019/03/18,46.90,48.11,46.54,47.90,65350732,3104486144.00
2019/03/19,47.93,48.43,46.91,47.21,50703847,2404196608.00
2019/03/20,47.01,47.10,46.11,46.61,46049241,2144968576.00
2019/03/21,46.40,46.57,45.98,46.27,46690937,2158335232.00
2019/03/22,46.40,46.74,45.80,46.16,42619203,1968097664.00
2019/03/25,45.47,45.67,44.88,44.99,57037810,2580637952.00
2019/03/26,45.28,45.43,44.26,44.80,49095354,2202652416.00
2019/03/27,45.08,45.78,44.85,45.60,43079560,1955936768.00
2019/03/28,45.37,45.98,45.04,45.63,34626542,1578843392.00
2019/03/29,45.66,47.30,45.66,47.21,79588027,3735999232.00
2019/04/09,51.93,51.93,51.93,51.93,10843642,563110336.00
2019/04/10,57.12,57.12,54.56,57.12,322875034,18195734528.00
2019/04/11,57.33,58.39,54.70,55.20,174327744,9811601408.00
2019/04/12,54.81,56.00,52.90,54.55,109251512,5933569536.00
2019/04/15,55.76,58.55,55.21,56.70,138528609,7924294144.00
2019/04/16,56.30,58.28,55.73,58.24,90534495,5187988992.00
2019/04/17,58.24,58.34,57.00,57.46,71134936,4097149952.00
2019/04/18,58.46,60.10,58.16,59.50,96045516,5691631104.00
2019/04/19,59.50,65.40,58.68,65.00,104428516,6464561152.00
2019/04/22,63.73,64.29,60.88,61.14,126873432,7902553600.00
2019/04/23,60.90,61.50,59.49,60.99,87488196,5297737728.00
2019/04/24,61.70,61.88,59.72,59.91,83847354,5064464384.00
2019/04/25,59.30,59.60,57.30,57.75,88811027,5184675840.00
2019/04/26,57.73,58.28,56.10,56.18,72059629,4085011456.00
2019/04/29,55.75,58.59,55.01,57.31,94751043,5415667712.00
2019/04/30,54.85,57.14,54.50,55.58,85342281,4757352448.00
2019/05/06,53.38,54.66,51.20,51.53,135811358,7109824000.00
2019/05/07,52.05,54.22,52.05,53.42,92700222,4947665408.00
2019/05/08,52.00,53.66,51.70,52.33,55479012,2928669440.00
2019/05/09,51.88,52.52,50.52,51.80,73733501,3800419840.00
2019/05/10,53.00,56.15,51.76,55.25,90050525,4872752640.00
2019/05/13,53.22,55.29,53.22,54.10,45334447,2464302592.00
2019/05/14,53.25,54.49,53.02,53.36,50839633,2729489664.00
2019/05/15,54.50,56.25,54.20,55.94,73830878,4083930880.00
2019/05/16,55.70,56.58,55.50,56.19,43178158,2418916608.00
2019/05/17,56.20,56.42,54.15,54.80,49182968,2707163904.00
2019/05/20,54.35,55.19,52.82,53.64,46021753,2467504128.00
2019/05/21,53.84,56.24,53.82,55.45,51895127,2864609280.00
2019/05/22,55.60,55.95,54.70,55.00,27649662,1528098304.00
2019/05/23,55.00,55.10,52.88,52.88,52302950,2797634816.00
2019/05/24,53.05,54.45,53.05,53.90,42952023,2315195392.00
2019/05/27,54.01,54.50,52.98,54.05,35229427,1890637824.00
2019/05/28,54.00,55.33,53.80,54.90,39962173,2183517952.00
2019/05/29,54.13,54.66,53.70,54.10,29526221,1599251840.00
2019/05/30,53.64,53.79,52.63,52.94,45544777,2413602304.00
2019/05/31,52.90,53.53,52.17,52.31,37422212,1973124864.00
2019/06/03,52.71,53.14,51.90,52.50,36729313,1929034368.00
2019/06/04,52.50,53.18,51.03,51.48,37091546,1924963712.00
2019/06/05,52.20,53.31,50.99,52.35,49629698,2596265216.00
2019/06/06,52.35,53.10,51.99,52.60,28839261,1516494976.00
2019/06/10,53.10,53.25,52.42,53.04,35932314,1904413952.00
2019/06/11,52.90,54.07,52.37,53.95,70345156,3761480448.00
2019/06/12,53.82,53.83,52.51,52.78,48630704,2579947776.00
2019/06/13,52.40,52.41,50.77,51.27,68976808,3531723008.00
2019/06/14,51.28,51.94,51.08,51.16,32945834,1694156160.00
2019/06/17,51.20,51.65,50.57,50.74,38691309,1971143552.00
2019/06/18,50.86,51.21,50.41,51.03,28522558,1450253440.00
2019/06/19,52.25,52.98,52.01,52.11,57329404,3006518784.00
2019/06/20,52.11,54.26,52.02,54.00,72059196,3858013696.00
2019/06/21,54.35,54.80,53.21,53.31,54778165,2942997760.00
2019/06/24,53.80,54.87,53.30,54.35,50235311,2731804672.00
2019/06/25,54.35,54.66,53.19,54.10,41615080,2244694528.00
2019/06/26,53.56,54.60,53.53,54.47,30717055,1668305280.00
2019/06/27,54.70,55.50,54.50,54.99,41458493,2283645184.00
2019/06/28,55.15,55.36,54.32,55.00,26937806,1481403136.00
2019/07/01,56.24,59.00,56.18,58.59,87895488,5087684608.00
2019/07/02,58.33,58.95,58.21,58.57,44028866,2581076992.00
2019/07/03,58.28,58.50,56.90,57.33,40891086,2357767680.00
2019/07/04,57.60,58.16,56.43,56.88,37364879,2138684032.00
2019/07/05,57.08,58.18,56.75,58.10,30627920,1768695808.00
2019/07/08,57.70,57.74,55.89,56.48,40525020,2294026496.00
2019/07/09,56.49,56.88,55.51,55.99,24496735,1373450624.00
2019/07/10,56.54,56.66,55.76,56.29,24756619,1392394880.00
2019/07/11,56.83,57.57,55.75,56.00,40924543,2314552576.00
2019/07/12,56.00,56.87,55.58,56.48,29430754,1656330880.00
2019/07/15,55.89,56.60,54.60,55.88,43097748,2392105216.00
2019/07/16,56.00,56.09,54.64,54.81,37620864,2071224320.00
2019/07/17,54.72,54.79,54.10,54.53,28145938,1532366848.00
2019/07/18,54.49,54.50,53.70,54.40,28354936,1532376576.00
2019/07/19,54.70,54.79,54.02,54.20,37702991,2046724224.00
2019/07/22,54.20,54.50,53.53,54.00,21306432,1151569024.00
2019/07/23,54.01,54.40,53.81,54.40,22905722,1240636928.00
2019/07/24,54.68,55.55,54.56,54.76,35588642,1959561600.00
2019/07/25,54.76,55.35,54.41,55.12,22567722,1239775488.00
2019/07/26,54.71,55.56,54.67,55.46,25461600,1409163520.00
2019/07/29,55.45,55.68,54.20,54.62,35937720,1967681920.00
2019/07/30,54.64,55.30,54.40,55.08,27330263,1504014080.00
2019/07/31,55.31,55.89,54.90,55.09,28726324,1587851136.00
2019/08/01,55.00,55.00,53.38,53.68,48295672,2603710720.00
2019/08/02,52.00,53.63,51.31,53.43,41159955,2163381760.00
2019/08/05,53.40,53.80,52.66,52.98,39492869,2095253120.00
2019/08/06,50.60,51.30,49.05,50.93,53200343,2673208320.00
2019/08/07,51.10,51.45,50.26,50.27,24240284,1229731968.00
2019/08/08,50.50,51.44,50.42,51.00,29627086,1508171136.00
2019/08/09,51.03,51.29,49.68,49.94,39173018,1966289408.00
2019/08/12,49.80,50.49,49.60,50.38,23565461,1181813504.00
2019/08/13,50.65,52.30,50.65,51.36,49899952,2576555776.00
2019/08/14,52.73,53.00,51.50,51.56,32371561,1688194944.00
2019/08/15,50.56,51.35,50.16,51.30,22672742,1153442560.00
2019/08/16,51.20,51.68,50.60,51.25,28994905,1485214208.00
2019/08/19,51.80,52.50,51.55,52.42,34439780,1795197568.00
2019/08/20,52.40,53.09,52.02,52.79,31705827,1669667712.00
2019/08/21,52.60,55.20,52.58,54.54,66428454,3600329728.00
2019/08/22,54.99,55.45,54.51,54.88,36852326,2026121088.00
2019/08/23,55.10,55.39,54.51,54.89,32590986,1790338560.00
2019/08/26,53.46,54.48,53.26,54.17,33886436,1831120128.00
2019/08/27,54.41,55.99,54.41,55.35,47237259,2622023680.00
2019/08/28,55.78,55.79,55.01,55.32,24339573,1347449600.00
2019/08/29,55.50,55.74,54.02,54.78,30243057,1652930048.00
2019/08/30,55.32,55.95,55.02,55.50,41023831,2279607808.00
2019/09/02,56.95,57.82,56.70,57.47,68428871,3926350848.00
2019/09/03,58.41,58.43,57.10,57.80,51197807,2960811264.00
2019/09/04,57.79,59.85,57.30,59.85,64438069,3817676032.00
2019/09/05,59.91,60.56,58.81,58.87,48304061,2876712448.00
2019/09/06,59.20,59.20,58.00,58.80,38505025,2255748864.00
2019/09/09,59.19,59.89,59.00,59.34,37594350,2235012864.00
2019/09/10,59.80,60.12,59.24,59.40,24697865,1471962496.00
2019/09/11,59.40,59.44,58.01,58.70,31035493,1815127936.00
2019/09/12,59.07,59.79,59.06,59.61,27492619,1636634368.00
2019/09/16,59.47,59.50,58.52,58.93,21797160,1285825280.00
2019/09/17,58.93,58.93,57.30,57.60,30747274,1782007552.00
2019/09/18,58.01,58.50,57.72,58.22,17746711,1031084992.00
2019/09/19,58.80,59.45,58.08,58.49,27851670,1635615232.00
2019/09/20,58.51,58.58,57.62,58.04,23762232,1378000896.00
2019/09/23,58.40,58.44,57.00,57.71,21558059,1237864832.00
2019/09/24,58.06,58.61,57.60,58.16,22127577,1289106304.00
2019/09/25,57.88,58.20,57.68,57.82,15651474,905978560.00
2019/09/26,58.00,58.34,57.19,57.62,19327108,1117471616.00
2019/09/27,57.62,57.77,56.36,56.90,22351001,1272964224.00
2019/09/30,56.90,58.08,56.58,57.30,22611865,1300850304.00
2019/10/08,57.50,58.90,57.18,58.15,26662839,1554229504.00
2019/10/09,58.00,58.18,57.00,57.02,21980778,1257625088.00
2019/10/10,57.00,58.06,56.51,57.71,21612513,1238248960.00
2019/10/11,58.39,58.68,57.54,58.57,29427423,1715621504.00
2019/10/14,59.20,59.59,58.40,58.70,22992186,1354296832.00
2019/10/15,58.69,59.15,58.15,58.90,17720436,1041246144.00
2019/10/16,58.90,59.58,58.50,59.02,21181293,1254561792.00
2019/10/17,58.90,58.96,58.08,58.25,18251814,1065658752.00
2019/10/18,58.50,59.00,57.69,57.80,21160901,1236477824.00
2019/10/21,57.72,58.65,57.40,58.44,14817663,863735552.00
2019/10/22,58.99,59.00,58.10,58.81,16834937,985449280.00
2019/10/23,58.91,59.33,58.52,58.73,16097186,947682816.00
2019/10/24,58.70,58.93,58.04,58.18,15531165,906955584.00
2019/10/25,58.38,58.41,56.04,57.15,47698396,2704591616.00
2019/10/28,57.15,57.67,56.46,56.90,24127334,1372454912.00
2019/10/29,58.50,60.04,57.26,59.39,80580401,4757487104.00
2019/10/30,59.71,60.39,58.35,58.67,41022862,2426195968.00
2019/10/31,58.01,59.22,58.00,58.70,36031249,2118688512.00
2019/11/01,59.00,64.40,58.83,63.78,117531572,7340613120.00
2019/11/04,64.10,64.98,63.21,64.45,57382773,3688033792.00
2019/11/05,64.46,65.16,63.50,64.08,53592751,3443814912.00
2019/11/06,64.10,64.45,63.36,63.50,33586554,2144646272.00
2019/11/07,63.70,63.80,62.80,63.71,31761678,2010258560.00
2019/11/08,64.00,64.63,63.20,63.61,34120324,2178351360.00
2019/11/11,62.30,62.45,60.70,61.17,68135187,4186552576.00
2019/11/12,59.80,60.08,58.62,59.16,63653713,3777070848.00
2019/11/13,59.45,59.53,58.48,58.85,36477612,2143608704.00
2019/11/14,59.18,59.55,58.68,59.13,35394497,2090616448.00
2019/11/15,59.45,59.49,58.70,58.86,20210432,1193783680.00
2019/11/18,58.79,58.99,58.30,58.99,22598461,1325332992.00
2019/11/19,59.18,59.97,58.91,59.46,35236916,2098743808.00
2019/11/20,59.30,59.40,58.73,58.86,22170600,1306719616.00
2019/11/21,58.51,58.51,57.03,57.45,43953533,2529726208.00
2019/11/22,57.50,58.13,56.20,56.72,36853490,2104068480.00
2019/11/25,56.72,57.84,56.36,57.81,35129885,2012181888.00
2019/11/26,58.21,58.76,57.85,58.54,34575480,2017689984.00
2019/11/27,57.80,57.90,56.90,57.64,34987041,2009248256.00
2019/11/28,57.71,58.61,57.71,58.45,29821772,1739128704.00
2019/11/29,58.38,58.78,56.95,57.71,33734840,1955006464.00
2019/12/03,60.00,61.19,59.20,60.80,90032586,5414302720.00
2019/12/04,60.78,63.46,60.37,62.58,78496569,4882232320.00
2019/12/05,62.70,63.05,61.82,62.27,45272936,2821022464.00
2019/12/06,62.36,62.88,62.02,62.39,31248306,1947670656.00
2019/12/09,62.39,62.85,61.90,62.15,29023155,1809238656.00
2019/12/10,62.44,62.45,61.70,62.16,23523685,1462272896.00
2019/12/11,62.51,62.59,61.12,61.40,29139937,1794894208.00
2019/12/12,61.80,62.00,61.12,61.48,20259366,1247667584.00
2019/12/13,61.90,63.39,61.90,62.99,44235877,2781770240.00
2019/12/16,63.38,63.65,62.72,63.10,30559075,1927328000.00
2019/12/17,63.10,64.51,63.01,64.11,39262639,2509277184.00
2019/12/18,64.39,66.10,64.12,64.37,45151830,2933611008.00
2019/12/19,64.65,65.50,64.41,65.00,28146343,1829088640.00
2019/12/20,64.99,65.42,64.33,64.51,23427839,1515833472.00
2019/12/23,65.07,65.60,64.50,64.50,33770991,2195706624.00
2019/12/24,64.93,65.49,64.66,65.02,19121619,1243312512.00
2019/12/25,65.00,65.19,64.15,64.40,19837240,1283337984.00
2019/12/26,64.46,64.80,64.25,64.78,16533953,1066132800.00
2019/12/27,65.15,65.76,64.40,64.53,24979335,1624183424.00
2019/12/30,64.57,65.70,64.05,65.58,26457981,1724506752.00
2019/12/31,65.35,65.86,64.80,65.58,20930799,1366603136.00
2020/01/02,65.99,68.09,65.90,67.90,46361443,3119667712.00
2020/01/03,68.38,68.70,66.90,67.10,36870373,2494833408.00
2020/01/06,66.80,67.07,65.00,65.88,46780255,3092810496.00
2020/01/07,66.17,67.55,66.00,67.32,41076595,2759986176.00
2020/01/08,66.60,69.67,66.60,68.80,48780896,3335825920.00
2020/01/09,69.66,70.56,69.06,69.88,34853812,2440521216.00
2020/01/10,70.01,70.55,69.42,69.75,20032474,1400528256.00
2020/01/13,69.92,70.20,69.16,69.76,27115151,1887571584.00
2020/01/14,70.05,70.44,69.40,69.81,21307675,1487443456.00
2020/01/15,70.13,70.16,68.47,68.90,27853363,1920151808.00
2020/01/16,69.34,69.34,66.94,67.32,45958549,3099749888.00
2020/01/17,67.99,68.56,67.45,67.91,30055306,2040298112.00
2020/01/20,68.30,68.39,67.03,68.35,25946658,1762760704.00
2020/01/21,67.80,67.80,66.30,66.50,37020861,2472027904.00
2020/01/22,66.15,67.10,64.80,66.64,39241238,2582805760.00
2020/01/23,65.93,66.00,63.52,63.94,53157650,3427455488.00
2020/02/03,58.00,62.00,57.55,58.77,109790930,6500814848.00
2020/02/04,59.97,62.20,59.64,61.57,65983247,4043015680.00
2020/02/05,62.00,63.50,61.60,62.85,56278881,3529336832.00
2020/02/06,63.50,63.71,61.70,63.24,49492478,3103407360.00
2020/02/07,62.40,62.80,61.78,62.38,47544410,2956033536.00
2020/02/10,62.00,62.30,61.27,62.10,33848905,2094108288.00
2020/02/11,62.76,64.45,62.51,63.92,44717625,2846021120.00
2020/02/12,63.89,64.39,62.78,63.82,34994937,2226659328.00
2020/02/13,63.73,64.38,62.56,62.90,38606706,2438184192.00
2020/02/14,62.60,63.42,62.31,62.73,30018493,1882517376.00
2020/02/17,61.50,63.23,61.41,63.12,51407393,3216065792.00
2020/02/18,63.00,63.02,61.90,62.16,49901464,3103673088.00
2020/02/19,62.00,62.30,61.11,61.67,39945190,2468375808.00
2020/02/20,61.90,63.50,61.73,63.50,58676248,3682160128.00
2020/02/21,63.33,63.33,62.20,62.64,54346991,3402734336.00
2020/02/24,62.12,62.30,61.32,61.57,66204780,4078318080.00
2020/02/25,60.85,60.85,59.60,60.25,73307798,4406831104.00
2020/02/26,59.20,61.28,59.00,60.29,56646370,3408276736.00
2020/02/27,60.03,61.10,60.03,60.71,35634798,2164825344.00
2020/02/28,59.44,60.00,58.40,59.20,51370598,3039712768.00
2020/03/02,59.10,60.37,58.70,60.03,50283937,3007688448.00
2020/03/03,60.99,61.00,59.37,59.99,47456276,2845026304.00
2020/03/04,59.55,59.90,59.02,59.82,42339393,2517114368.00
2020/03/05,60.51,63.00,59.85,62.99,101844526,6302224384.00
2020/03/06,62.15,62.60,61.31,61.48,50353322,3112954368.00
2020/03/09,60.00,60.00,59.00,59.23,58723190,3491790336.00
2020/03/10,58.99,61.18,58.95,60.77,54143802,3253817344.00
2020/03/11,60.78,60.88,59.56,59.63,36194722,2170270208.00
2020/03/12,58.88,59.05,57.98,58.22,49656245,2899265536.00
2020/03/13,55.42,57.60,55.00,56.91,54346379,3057574400.00
2020/03/16,57.37,57.38,54.36,54.40,56240633,3123352320.00
2020/03/17,53.70,55.61,51.95,52.95,60590194,3224683520.00
2020/03/18,53.00,55.17,51.92,52.44,70323091,3761082368.00
2020/03/19,51.60,51.95,48.40,50.30,109883799,5488904192.00
2020/03/20,50.68,51.80,50.24,51.57,63267049,3229182464.00
2020/03/23,50.00,50.31,49.08,49.22,48467133,2404677376.00
2020/03/24,50.10,51.40,49.83,51.14,60043635,3045582336.00
2020/03/25,53.00,53.75,52.68,53.48,63587783,3392947968.00
2020/03/26,53.00,53.85,52.59,52.83,35392957,1882251264.00
2020/03/27,53.85,54.70,52.29,52.57,58661530,3127275008.00
2020/03/30,51.85,52.13,51.09,52.08,37727448,1948128640.00
2020/03/31,52.89,52.89,52.11,52.20,31237383,1638485888.00
2020/04/01,51.55,52.90,51.55,51.99,35684224,1865040000.00
2020/04/02,51.48,52.30,50.88,52.30,39875302,2059368960.00
2020/04/03,52.49,52.50,51.81,51.96,30594728,1593396992.00
2020/04/07,52.99,53.41,52.52,52.72,49804116,2632716288.00
2020/04/08,52.48,52.50,51.53,51.80,43137244,2238411008.00
2020/04/09,52.07,52.30,51.75,51.88,33019936,1714636928.00
2020/04/10,51.98,55.22,51.79,53.74,77923258,4196948992.00
2020/04/13,55.00,56.99,54.88,56.51,85781913,4809415680.00
2020/04/14,57.35,57.60,55.60,56.40,61676496,3468937216.00
2020/04/15,54.80,55.66,53.80,54.41,97474198,5335020032.00
2020/04/16,53.96,55.05,53.85,54.98,49171857,2686905856.00
2020/04/17,55.29,55.49,54.56,54.70,45970331,2523464704.00
2020/04/20,54.75,54.89,54.21,54.48,36752123,2001918080.00
2020/04/21,54.40,54.40,53.00,53.40,41966538,2242597120.00
2020/04/22,53.07,54.20,52.75,54.20,32078808,1721548160.00
2020/04/23,54.20,55.10,54.20,54.87,47484132,2600242944.00
2020/04/24,55.01,55.10,53.95,54.15,28787951,1563281024.00
2020/04/27,53.98,54.68,53.62,54.08,24465486,1327568256.00
2020/04/28,54.08,55.10,53.56,54.99,40855500,2233721088.00
2020/04/29,54.79,55.88,54.64,55.22,32044017,1778301312.00
2020/04/30,54.08,55.66,54.00,54.77,63145363,3452771072.00
2020/05/06,53.82,54.46,53.82,54.46,60318237,3261213440.00
2020/05/07,54.48,54.97,54.02,54.10,43538631,2365773824.00
2020/05/08,54.31,57.58,53.99,56.99,123373707,6960938496.00
2020/05/11,57.98,59.23,57.80,58.21,87171582,5106210304.00
2020/05/12,58.61,59.28,58.05,59.00,65911559,3877277696.00
2020/05/13,58.99,58.99,57.78,58.39,48190420,2811015680.00
2020/05/14,58.41,59.36,58.36,58.57,40248472,2363678976.00
2020/05/15,59.00,59.02,57.70,57.93,38278425,2226821888.00
2020/05/18,58.00,58.44,57.00,57.99,40813065,2362232064.00
2020/05/19,59.00,59.00,57.91,58.02,35141548,2049291648.00
2020/05/20,58.00,58.00,57.04,57.38,37054258,2126225280.00
2020/05/21,57.70,57.70,56.76,57.01,28257617,1611479808.00
2020/05/22,57.02,57.03,55.61,55.62,39114075,2190126336.00
2020/05/25,55.64,55.95,54.39,54.90,39373644,2159635456.00
2020/05/26,55.50,56.90,55.46,56.88,44497025,2505509888.00
2020/05/27,56.80,57.46,56.00,56.24,35057418,1978039936.00
2020/05/28,56.29,57.60,56.05,56.82,41975732,2387382528.00
2020/05/29,56.31,57.03,56.22,56.94,29169129,1653447040.00
2020/06/01,57.51,58.26,57.19,57.97,57925071,3350002944.00
2020/06/02,58.88,58.98,57.71,58.09,46837490,2727456768.00
2020/06/03,58.10,58.49,57.51,58.02,45819960,2663404544.00
2020/06/04,58.60,59.69,58.40,59.65,65622849,3889276672.00
2020/06/05,60.00,61.01,59.89,60.17,58536642,3537033216.00
2020/06/08,61.58,63.00,61.00,62.39,69837724,4352741376.00
2020/06/09,62.61,62.65,61.33,61.92,42343080,2624115968.00
2020/06/10,62.46,62.47,60.88,61.33,41414208,2538340352.00
2020/06/11,60.13,60.15,58.38,58.92,50272548,2967854080.00
2020/06/12,57.55,59.00,57.07,58.92,45814513,2664909312.00
2020/06/15,58.12,58.54,57.23,57.29,43486456,2511349504.00
2020/06/16,58.00,58.17,57.30,57.84,37333377,2154265856.00
2020/06/17,57.73,57.79,57.12,57.77,34059687,1958449280.00
2020/06/18,57.50,58.53,57.50,58.06,35416346,2055422080.00
2020/06/19,58.50,58.99,58.20,58.84,55418363,3254280704.00
2020/06/22,57.81,57.89,56.85,57.26,73739030,4219357440.00
2020/06/23,57.00,57.30,56.20,56.23,71733841,4053258752.00
2020/06/24,56.30,57.25,56.30,57.22,53712688,3062608640.00
2020/06/29,57.00,57.01,56.23,56.46,37301744,2107362048.00
2020/06/30,56.76,57.10,56.18,56.57,42914148,2429936384.00
2020/07/01,56.60,57.80,56.00,57.41,72233256,4113728768.00
2020/07/02,57.19,58.28,56.90,58.21,102071153,5865538048.00
2020/07/03,58.40,59.50,58.04,58.44,93973703,5501964800.00
2020/07/06,58.15,61.47,57.90,61.26,142141613,8511052288.00
2020/07/07,62.05,63.00,60.05,60.08,146240576,8947221504.00
2020/07/08,60.00,60.80,58.65,59.49,127042154,7524133888.00
2020/07/09,59.63,59.89,59.16,59.82,104182511,6205199872.00
2020/07/10,60.52,61.19,58.88,58.99,120513278,7223265792.00
2020/07/13,59.20,59.78,58.52,59.45,124377102,7354224640.00
2020/07/14,59.43,59.77,58.00,58.52,94871962,5576286208.00
2020/07/15,58.00,59.50,57.51,58.68,113275617,6661411328.00
2020/07/16,59.00,59.50,55.48,55.99,124051109,7102871552.00
2020/07/17,56.80,57.50,56.45,57.21,76939167,4389645312.00
2020/07/20,57.21,59.11,56.53,58.93,88620390,5156071424.00
2020/07/21,59.26,59.79,58.39,58.91,68467522,4038139136.00
2020/07/22,59.00,60.25,58.95,59.52,94278638,5629083648.00
2020/07/23,59.60,60.30,58.56,60.09,93755412,5586124800.00
2020/07/24,59.57,59.69,56.59,57.16,101520091,5880021504.00
2020/07/27,57.35,57.87,56.40,56.78,53875430,3070819840.00
2020/07/28,57.40,57.50,56.57,56.97,44074090,2514836224.00
2020/07/29,56.97,60.00,56.80,59.40,143014000,8482811904.00
2020/07/30,59.89,59.89,57.25,57.48,123686229,7181872640.00
2020/07/31,57.36,57.55,56.45,56.91,115564496,6564411392.00
2020/08/03,57.16,57.63,56.86,57.32,82389786,4707789312.00
2020/08/04,57.42,57.53,56.78,57.17,75142989,4284141824.00
2020/08/05,56.83,57.10,56.50,56.85,59413552,3368512768.00
2020/08/06,56.68,56.83,55.81,56.22,70954068,3986909184.00
2020/08/07,56.07,56.52,55.49,56.25,66863316,3750603008.00
2020/08/10,56.24,56.45,55.62,56.30,56139598,3149335808.00
2020/08/11,56.50,56.85,55.81,55.87,54666547,3081532928.00
2020/08/12,55.65,56.02,55.04,55.74,60200918,3335657984.00
2020/08/13,55.90,56.39,55.75,55.78,34203870,1914106496.00
2020/08/14,55.78,56.29,55.51,56.25,31724476,1776919552.00
2020/08/17,56.25,57.18,56.00,56.80,67772412,3845816832.00
2020/08/18,56.59,56.77,55.90,56.02,61849450,3474057728.00
2020/08/19,55.85,55.85,55.18,55.19,50098471,2777352448.00
2020/08/20,54.96,54.96,54.02,54.13,62631331,3399987200.00
2020/08/21,54.95,54.96,54.01,54.22,38246503,2074844928.00
2020/08/24,54.51,54.71,54.00,54.14,45509578,2467197952.00
2020/08/25,54.02,54.43,54.02,54.29,35115499,1903737728.00
2020/08/26,54.30,54.56,53.00,53.40,61686565,3313253888.00
2020/08/27,53.40,53.47,52.37,52.94,52794831,2784491776.00
2020/08/28,53.01,55.06,52.88,55.04,82688619,4508023296.00
2020/08/31,55.95,56.30,54.27,54.50,74345155,4092754432.00
2020/09/01,54.30,54.90,54.04,54.75,32527930,1774722816.00
2020/09/02,55.18,55.29,54.03,54.53,38087260,2080511616.00
2020/09/03,54.94,55.12,54.46,54.75,48893478,2684349440.00
2020/09/04,54.28,55.00,53.85,54.83,37360185,2031735168.00
2020/09/07,55.00,55.80,54.83,55.01,56450197,3124388864.00
2020/09/08,55.28,55.56,55.00,55.48,41897242,2319953664.00
2020/09/09,54.70,55.25,54.08,54.50,36494736,1992127872.00
2020/09/10,54.67,54.84,54.41,54.60,34310821,1874996352.00
2020/09/11,54.68,55.10,54.31,54.86,32475203,1778012544.00
2020/09/14,54.95,55.71,54.86,55.28,25777547,1420455296.00
2020/09/15,55.28,56.08,54.99,55.77,43682624,2436782592.00
2020/09/16,55.77,55.94,54.95,55.05,33530584,1855183360.00
2020/09/17,55.04,55.29,54.72,54.80,27868080,1530686848.00
2020/09/18,55.20,55.72,54.81,55.65,33810238,1871327104.00
2020/09/21,55.75,56.95,55.69,56.55,68578241,3879534848.00
2020/09/22,56.15,56.46,55.28,55.50,33698049,1882711936.00
2020/09/23,55.50,55.69,55.05,55.51,24325856,1345627392.00
2020/09/24,55.12,55.26,54.12,54.33,31425891,1715410944.00
2020/09/25,54.35,54.56,53.99,54.11,24854488,1345016192.00
2020/09/28,54.12,54.45,53.00,53.02,46381353,2470966528.00
2020/09/29,53.40,53.61,53.06,53.06,29349466,1564171136.00
2020/09/30,53.16,53.42,53.03,53.30,22717205,1209072640.00
2020/10/09,54.47,55.20,54.11,54.75,48033764,2629345024.00
2020/10/12,55.02,55.90,55.02,55.82,41148508,2290440960.00
2020/10/13,55.82,56.04,55.50,55.91,24589778,1371853696.00
2020/10/14,57.44,57.98,57.02,57.60,105344906,6067694080.00
2020/10/15,57.73,58.47,57.61,57.94,68250028,3970673920.00
2020/10/16,58.00,58.78,57.46,57.70,47393523,2755673600.00
2020/10/19,58.15,58.34,57.20,57.25,36508836,2107759872.00
2020/10/20,57.52,57.86,57.20,57.65,28263303,1628567936.00
2020/10/21,58.00,58.50,57.32,58.00,40481052,2348785408.00
2020/10/22,57.95,58.70,57.26,58.60,51206321,2980635392.00
2020/10/23,58.78,58.80,58.08,58.32,37380071,2186303488.00
2020/10/26,58.30,58.80,57.62,58.19,33553983,1949519872.00
2020/10/27,58.20,58.50,57.20,57.23,32955304,1902179968.00
2020/10/28,57.23,57.80,57.05,57.26,31676747,1816400512.00
2020/10/29,56.60,58.28,56.34,57.63,47239897,2709156864.00
2020/10/30,58.00,59.56,57.99,58.43,79267809,4669258752.00
2020/11/02,58.10,60.65,58.10,60.19,82520570,4959806464.00
2020/11/03,60.24,60.35,59.27,60.03,49374257,2957996032.00
2020/11/04,60.45,62.73,60.35,62.18,91074682,5636631552.00
2020/11/05,62.90,64.22,62.41,62.80,69541553,4394307072.00
2020/11/06,63.49,66.50,63.00,66.38,108598632,7118018048.00
2020/11/09,67.95,69.28,66.40,67.55,93232831,6316768256.00
2020/11/10,67.30,67.30,65.35,65.86,60427872,3978081024.00
2020/11/11,65.71,66.86,64.57,65.81,49063011,3234013952.00
2020/11/12,65.51,67.09,65.49,66.37,51561805,3416810240.00
2020/11/13,65.75,66.58,65.01,66.26,44570665,2930849792.00
2020/11/16,67.52,67.99,65.60,66.80,40244531,2676570112.00
2020/11/17,66.66,69.50,66.48,68.40,60831533,4167731456.00
2020/11/18,68.10,68.50,65.99,66.69,52482888,3521956864.00
2020/11/19,66.70,68.34,66.70,67.90,51061352,3455112192.00
2020/11/20,67.92,68.29,66.90,67.90,38351303,2597069312.00
2020/11/23,67.98,68.30,67.25,68.25,46254238,3142701056.00
2020/11/24,68.50,68.69,66.12,66.80,50330930,3371246336.00
2020/11/25,67.01,67.85,66.66,66.83,33198075,2232463360.00
2020/11/26,67.50,67.96,65.98,66.45,36685810,2445543424.00
2020/11/27,66.46,67.32,66.02,66.66,27054195,1800816512.00
2020/11/30,67.28,68.17,66.59,66.64,43415990,2923685632.00
2020/12/01,66.20,67.20,65.84,67.20,34692992,2314401792.00
2020/12/02,67.88,69.79,67.20,69.53,74760101,5165668864.00
2020/12/03,68.94,69.60,67.26,68.50,55285651,3780627456.00
2020/12/04,68.50,69.08,67.86,69.00,33579371,2300729088.00
2020/12/07,68.73,68.95,67.80,68.00,30614271,2085425280.00
2020/12/08,68.52,68.54,65.50,65.66,57070900,3785168384.00
2020/12/09,65.62,65.62,62.51,62.61,72927772,4629525504.00
2020/12/10,63.01,63.78,62.73,62.83,41285201,2612063488.00
2020/12/11,63.50,63.99,62.88,63.80,39857593,2528210688.00
2020/12/14,63.80,63.99,62.51,62.76,30817278,1936740992.00
2020/12/15,62.00,62.10,60.60,60.99,75961321,4637048832.00
2020/12/16,61.00,61.78,60.50,61.03,67090874,4099386880.00
2020/12/17,61.17,61.86,60.11,61.61,52370703,3210819840.00
2020/12/18,61.63,62.01,61.06,61.37,35606623,2189618944.00
2020/12/21,61.11,61.13,60.20,60.70,48688161,2950573824.00
2020/12/22,60.60,60.97,59.88,60.11,44334856,2670818560.00
2020/12/23,59.90,60.58,59.65,60.15,41634389,2505515008.00
2020/12/24,60.79,61.13,59.85,60.06,30092212,1816649600.00
2020/12/25,59.98,59.98,58.93,59.21,33872995,2009985024.00
2020/12/28,59.22,60.96,58.69,60.60,47450431,2853243904.00
2020/12/29,60.62,61.76,60.25,60.87,32934223,2008115328.00
2020/12/30,60.80,61.27,60.34,61.27,34484268,2098338176.00
2020/12/31,60.88,62.39,60.80,61.94,43939294,2720168448.00
2021/01/04,61.80,63.33,61.60,62.90,54903578,3446303232.00
2021/01/05,62.36,65.53,62.36,65.26,70088887,4476765696.00
2021/01/06,66.00,66.78,63.69,64.07,52170379,3380525824.00
2021/01/07,64.06,65.04,63.50,64.70,46475055,2990421760.00
2021/01/08,64.96,66.37,64.00,64.70,49950205,3243707392.00
2021/01/11,64.13,64.88,62.21,62.45,58182903,3686754304.00
2021/01/12,62.10,64.08,62.09,63.66,44731442,2825422592.00
2021/01/13,64.00,66.00,63.76,64.92,57162721,3717431552.00
2021/01/14,65.02,65.57,63.00,63.12,44703512,2860894720.00
2021/01/15,62.72,63.69,62.31,63.40,34537150,2177873920.00
2021/01/18,63.00,64.20,62.60,63.76,38390498,2432907008.00
2021/01/19,63.72,65.09,62.66,62.92,40845405,2602511616.00
2021/01/20,62.79,62.85,60.89,61.00,60848099,3749282048.00
2021/01/21,60.88,62.18,60.60,61.36,49076291,3013389824.00
2021/01/22,61.30,61.50,59.75,60.23,56839104,3426347264.00
2021/01/25,60.23,60.79,59.70,60.02,52507666,3157827840.00
2021/01/26,59.80,59.80,58.60,59.00,46356422,2734266112.00
2021/01/27,59.00,60.46,58.00,59.41,53504324,3158636544.00
2021/01/28,58.64,58.70,57.23,57.29,52287008,3018505216.00
2021/01/29,57.23,57.79,55.88,56.30,49388880,2807565824.00
2021/02/01,56.51,57.20,55.75,56.43,31769343,1788845440.00
2021/02/02,56.45,59.67,56.44,59.63,67437831,3939785984.00
2021/02/03,59.98,60.37,58.40,58.82,47406154,2805860864.00
2021/02/04,58.00,59.39,57.88,58.59,30141987,1763190400.00
2021/02/05,58.50,59.52,58.35,58.94,27993334,1649582592.00
2021/02/08,59.17,59.87,58.37,58.84,32371043,1909902080.00
2021/02/09,59.00,59.25,57.46,59.03,47029019,2743321088.00
2021/02/10,59.05,61.30,58.90,60.49,56120470,3396988416.00
2021/02/18,61.05,61.80,59.68,60.47,52660810,3191464960.00
2021/02/19,60.40,61.50,59.90,61.03,40662851,2479543296.00
2021/02/22,60.10,60.14,57.94,58.48,60749622,3581037312.00
2021/02/23,58.09,58.48,56.93,57.05,54736080,3141829120.00
2021/02/24,57.51,58.21,57.00,57.28,49243904,2823834624.00
2021/02/25,57.83,60.49,57.77,59.85,79223818,4720251904.00
2021/02/26,59.10,60.89,58.88,59.00,59131818,3540722944.00
2021/03/01,59.05,60.95,59.02,60.43,49032424,2945486592.00
2021/03/02,60.89,61.50,59.84,60.66,43600108,2646200064.00
2021/03/03,60.66,60.68,59.69,60.20,31900104,1917574400.00
2021/03/04,59.79,60.19,58.70,58.85,43308280,2561768960.00
2021/03/05,58.06,58.60,57.58,58.13,34920904,2029767168.00
2021/03/08,58.42,59.14,56.51,56.62,51361782,2966085632.00
2021/03/09,56.63,58.87,56.11,58.00,60033488,3462353408.00
2021/03/10,58.39,58.85,57.91,58.62,31218528,1826161280.00
2021/03/11,58.30,59.20,58.27,58.59,30263702,1774060800.00
2021/03/12,58.59,58.81,58.20,58.50,26073195,1524808576.00
2021/03/15,58.47,58.81,57.42,57.78,30168745,1749280896.00
2021/03/16,59.00,60.24,58.61,60.00,68604906,4098103296.00
2021/03/17,60.65,63.31,60.00,62.20,83571760,5181725696.00
2021/03/18,62.92,63.48,61.50,62.50,48516782,3027009792.00
2021/03/19,62.00,62.00,59.66,60.00,55819039,3383161344.00
2021/03/22,60.05,61.19,59.60,60.94,39575697,2394462720.00
2021/03/23,60.85,62.00,60.28,61.41,38481259,2362594560.00
2021/03/24,61.40,62.00,61.07,61.35,32399326,1991491456.00
2021/03/25,60.86,61.63,60.70,61.38,25338726,1554450816.00
2021/03/26,62.60,62.93,61.18,61.62,37839591,2335336960.00
2021/03/29,61.94,62.70,61.48,62.47,40946837,2549934592.00
2021/03/30,62.48,62.50,61.41,62.10,27420306,1696976896.00
2021/03/31,62.29,63.27,61.91,62.70,36590634,2293228288.00
2021/04/01,62.69,63.00,61.98,62.73,21812025,1364967424.00
2021/04/02,62.98,63.50,62.20,62.44,27760233,1747457024.00
2021/04/06,62.45,62.69,61.00,61.33,24198358,1487509248.00
2021/04/07,61.99,62.10,60.88,61.68,23994960,1477888768.00
2021/04/08,61.65,61.98,61.15,61.85,15721246,968814784.00
2021/04/09,62.09,62.18,60.69,61.65,23815344,1458533248.00
2021/04/12,61.55,61.83,59.68,60.20,23305064,1407033216.00
2021/04/13,60.40,60.50,58.71,59.17,24392820,1449297280.00
2021/04/14,59.51,60.15,59.31,59.92,18663520,1117010432.00
2021/04/15,61.00,62.33,60.38,60.53,48350030,2972584960.00
2021/04/16,61.70,61.88,60.02,60.88,32841159,1998254720.00
2021/04/19,60.90,61.36,60.35,60.88,29084209,1771553792.00
2021/04/20,60.81,60.82,59.65,59.98,34338610,2060995840.00
2021/04/21,59.50,59.98,59.07,59.62,22207693,1325127424.00
2021/04/22,59.71,59.90,58.76,59.11,26844357,1584854912.00
2021/04/23,59.30,60.20,59.06,59.81,27949161,1670116864.00
2021/04/26,59.97,59.99,58.45,58.50,42065369,2481306112.00
2021/04/27,58.50,58.73,57.52,57.98,31695564,1837875840.00
2021/04/28,58.50,58.66,57.39,58.06,27710952,1601612672.00
2021/04/29,59.51,60.67,58.21,59.51,82288716,4905317888.00
2021/04/30,60.25,60.60,59.32,59.91,50033512,3006921984.00
2021/05/06,59.65,60.38,59.61,59.96,33612713,2014738432.00
2021/05/07,60.25,61.13,59.15,59.56,36528167,2191915264.00
2021/05/10,59.40,59.84,58.92,59.84,29204133,1732190080.00
2021/05/11,59.41,59.99,59.22,59.90,19644907,1171936000.00
2021/05/12,59.90,60.10,58.05,59.08,38783902,2282855424.00
2021/05/13,58.55,58.70,57.25,57.38,42631676,2466420736.00
2021/05/14,57.00,57.75,56.58,57.74,44842349,2562657024.00
2021/05/17,57.75,58.80,57.53,58.29,36004033,2098368512.00
2021/05/18,58.31,58.68,57.73,57.93,23780945,1379605632.00
2021/05/19,57.90,57.92,57.21,57.41,22997505,1319497984.00
2021/05/20,57.91,58.19,57.39,58.00,29461064,1707256064.00
2021/05/21,58.14,58.57,57.40,57.50,28266741,1631780864.00
2021/05/24,57.23,57.24,56.67,56.80,35729612,2028325888.00
2021/05/25,56.20,56.50,54.70,55.89,112779263,6239121408.00
2021/05/26,55.90,56.37,55.32,56.19,47618606,2666327040.00
2021/05/27,58.50,59.27,57.62,58.04,95635438,5563245568.00
2021/05/28,58.00,58.00,56.80,56.99,64862635,3705660160.00
2021/05/31,57.06,57.21,55.88,56.30,56053396,3148066560.00
2021/06/01,56.30,56.53,55.96,56.30,34078014,1914326144.00
2021/06/02,56.30,56.39,55.92,56.05,32203750,1804226432.00
2021/06/03,56.19,56.50,55.98,55.98,38526612,2164949248.00
2021/06/04,55.98,56.28,55.56,55.98,30928663,1727355904.00
2021/06/07,55.93,55.93,55.16,55.36,40618895,2252014848.00
2021/06/08,55.30,55.69,54.96,55.23,28603661,1580515200.00
2021/06/09,55.15,55.45,55.05,55.23,30478659,1682756864.00
2021/06/10,55.23,55.32,55.00,55.01,39750717,2189740544.00
2021/06/11,55.03,55.15,54.35,54.62,42287234,2314231552.00
2021/06/15,54.65,55.38,54.40,55.37,45788692,2509517568.00
2021/06/16,55.39,55.97,55.02,55.18,31422940,1740250240.00
2021/06/17,55.20,55.20,54.50,54.70,29167028,1596470784.00
2021/06/18,54.70,54.91,53.67,53.68,50755026,2743124736.00
2021/06/21,52.48,52.48,51.00,51.11,111265588,5716391424.00
2021/06/22,51.12,51.36,49.50,49.82,107895588,5412379136.00
2021/06/23,49.85,51.72,49.83,51.72,86754969,4408991744.00
2021/06/24,51.79,51.86,50.68,51.45,47409864,2432922112.00
2021/06/25,51.50,52.56,51.16,52.23,47818455,2491896320.00
2021/06/28,53.90,54.46,52.36,52.66,52555025,2792874752.00
2021/06/29,52.62,52.62,50.90,51.17,47667186,2451681536.00
2021/06/30,51.60,52.29,51.17,52.10,29513260,1531980032.00
2021/07/01,52.12,52.50,51.10,51.86,35377220,1832127616.00
2021/07/02,51.20,51.49,50.35,50.99,47088482,2394366208.00
2021/07/05,51.00,51.20,49.69,49.89,48646874,2435008512.00
2021/07/06,49.55,50.26,49.38,50.11,35295781,1760384512.00
2021/07/07,49.83,51.08,49.83,50.19,36427130,1837963520.00
2021/07/08,50.29,50.29,49.00,49.20,56559795,2785355776.00
2021/07/09,49.20,49.44,48.20,49.30,40565516,1978394112.00
2021/07/12,49.70,49.80,48.81,48.92,38015124,1870355584.00
2021/07/13,49.15,49.67,48.50,49.40,36884269,1812638336.00
2021/07/14,49.30,49.90,48.81,49.60,45530753,2242530304.00
2021/07/15,49.10,49.80,48.99,49.50,38032397,1880239616.00
2021/07/16,49.50,50.16,49.20,49.99,43810409,2182804480.00
2021/07/19,50.30,51.73,50.00,51.48,72400272,3689072640.00
2021/07/20,51.35,51.94,50.70,51.20,46338532,2371160320.00
2021/07/21,51.20,51.49,49.90,49.95,49884429,2513926912.00
2021/07/22,49.80,50.45,49.50,49.95,39026330,1950632064.00
2021/07/23,49.90,49.91,48.98,49.02,45042135,2220467456.00
2021/07/26,48.80,48.83,47.58,47.63,65575533,3157734144.00
2021/07/27,47.98,48.10,46.70,46.76,62982578,2997870080.00
2021/07/28,46.50,48.08,46.16,47.50,56206051,2636900352.00
2021/07/29,47.97,48.18,47.41,47.56,46480637,2219582720.00
2021/07/30,47.21,47.68,46.50,47.50,40302543,1896384768.00
2021/08/02,47.13,48.90,46.60,48.25,52314589,2500118016.00
2021/08/03,47.90,49.50,47.71,49.21,58606350,2852640256.00
2021/08/04,49.90,49.90,48.28,48.51,52420801,2553662720.00
2021/08/05,48.12,49.29,48.05,48.12,34844584,1693076352.00
2021/08/06,48.20,48.26,47.41,47.74,27849370,1327766144.00
2021/08/09,47.50,48.82,47.39,48.47,41586777,2015087872.00
2021/08/10,48.09,48.59,47.60,48.50,35984735,1730715520.00
2021/08/11,48.64,49.23,47.90,48.05,48719161,2363706880.00
2021/08/12,48.02,48.24,46.66,46.77,65866726,3109179136.00
2021/08/13,46.78,46.95,46.17,46.52,39195008,1816651776.00
2021/08/16,46.85,48.18,46.68,47.99,61536863,2925127168.00
2021/08/17,48.09,48.20,47.05,47.12,40945935,1947513344.00
2021/08/18,47.18,47.74,46.90,47.64,32873879,1554982400.00
2021/08/19,47.54,47.88,47.01,47.22,34357648,1623878784.00
2021/08/20,47.03,47.11,45.45,46.10,72889342,3357398272.00
2021/08/23,44.00,45.15,42.78,44.99,94271239,4189469952.00
2021/08/24,45.00,45.98,44.11,44.47,61973416,2783194112.00
2021/08/25,44.68,44.78,44.27,44.41,37301721,1659846784.00
2021/08/26,44.10,44.10,43.00,43.14,54996625,2383986176.00
2021/08/27,43.00,43.45,42.81,42.83,33754969,1450676864.00
2021/08/30,42.85,42.96,40.82,41.00,82576878,3409147904.00
2021/08/31,41.20,41.96,40.30,41.10,65468076,2683806208.00
2021/09/01,41.50,41.88,40.72,41.66,90621797,3748449280.00
2021/09/02,41.66,41.66,40.16,40.47,104376928,4239776768.00
2021/09/03,40.48,40.88,40.20,40.59,81983523,3324871680.00
2021/09/06,40.86,41.57,40.75,41.39,89379170,3688053248.00
2021/09/07,41.29,41.83,40.91,41.75,70159754,2911290112.00
2021/09/08,41.60,41.67,41.27,41.53,71079050,2947899904.00
2021/09/09,41.37,41.79,41.26,41.46,48036806,1993172992.00
2021/09/10,41.50,41.66,41.13,41.24,59032322,2438143232.00
2021/09/13,41.26,41.39,40.61,40.80,59412607,2426375168.00
2021/09/14,40.95,41.30,40.17,40.21,63968409,2590811904.00
2021/09/15,40.03,40.05,38.69,38.99,107648800,4211635200.00
2021/09/16,38.80,39.09,38.19,38.21,77409322,2986504704.00
2021/09/17,38.09,38.38,37.44,38.26,72454537,2748770816.00
2021/09/22,37.57,37.92,37.44,37.79,36804323,1388108800.00
2021/09/23,37.96,38.48,37.88,38.11,51706366,1970606848.00
2021/09/24,38.00,38.43,37.75,37.91,43610921,1661950976.00
2021/09/27,37.83,39.25,37.55,38.44,74025028,2851180032.00
2021/09/28,38.10,38.53,37.72,38.11,46611034,1778321024.00
2021/09/29,38.82,39.60,38.46,39.30,104737322,4088950784.00
2021/09/30,39.29,39.46,38.73,38.75,67332578,2621148160.00
2021/10/08,38.88,39.96,38.37,39.81,82685450,3257750528.00
2021/10/11,39.99,40.12,39.54,39.85,55819304,2220797696.00
2021/10/12,39.52,39.88,39.27,39.44,43544252,1719468416.00
2021/10/13,39.22,39.43,38.52,39.10,45331658,1763602944.00
2021/10/14,39.03,39.32,38.82,38.98,27145697,1059647808.00
2021/10/15,38.98,39.49,38.81,39.05,40225796,1573665792.00
2021/10/18,39.05,39.10,38.22,38.36,39604481,1522040832.00
2021/10/19,38.20,39.26,38.17,39.05,45212364,1756961664.00
2021/10/20,39.10,39.30,38.52,38.58,35314668,1366357120.00
2021/10/21,38.58,40.10,38.42,40.08,96608729,3815529472.00
2021/10/22,40.10,41.06,40.08,40.67,106208914,4321712640.00
2021/10/25,40.05,40.21,39.14,39.37,88501906,3491700480.00
2021/10/26,39.28,39.56,38.93,38.98,52358763,2050893312.00
2021/10/27,38.00,38.01,36.60,36.77,159121075,5920208896.00
2021/10/28,36.47,36.75,35.91,36.50,62526929,2272474112.00
2021/10/29,36.49,36.83,36.03,36.65,55777086,2031501312.00
2021/11/01,36.32,37.29,35.93,36.97,63205279,2326782464.00
2021/11/02,36.92,37.19,36.12,36.36,52088926,1906432000.00
2021/11/03,36.36,36.55,35.81,36.28,42944962,1551877120.00
2021/11/04,36.29,36.43,35.92,36.42,51186105,1849404288.00
2021/11/05,36.30,36.75,36.00,36.36,44889821,1632362240.00
2021/11/08,36.01,36.23,35.89,36.01,42417886,1527015936.00
2021/11/09,36.01,36.17,35.53,35.60,52595435,1885207296.00
2021/11/10,35.50,35.51,34.10,34.67,112307310,3886365696.00
2021/11/11,34.73,36.12,34.61,36.12,123853844,4435844608.00
2021/11/12,36.23,36.23,35.30,35.43,74252446,2638480128.00
2021/11/15,35.58,36.29,35.47,36.09,57855616,2076828032.00
2021/11/16,36.23,36.64,36.10,36.32,60632615,2208393472.00
2021/11/17,36.78,36.99,36.24,36.33,54834802,2000372480.00
2021/11/18,36.23,36.33,35.71,35.75,46228070,1661634432.00
2021/11/19,35.69,36.04,35.38,35.91,48293262,1721816320.00
2021/11/22,35.85,36.08,35.61,35.72,38002268,1356811520.00
2021/11/23,35.50,35.98,35.11,35.90,53898686,1923450752.00
2021/11/24,35.90,35.96,35.52,35.73,37931737,1353835392.00
2021/11/25,35.61,36.08,35.34,35.38,43694681,1555562240.00
2021/11/26,35.30,35.32,35.10,35.13,31058588,1091575168.00
2021/11/29,34.77,34.83,34.53,34.63,42463194,1471557248.00
2021/11/30,34.68,35.08,34.46,34.56,38807856,1346723328.00
2021/12/01,34.41,35.19,34.23,35.18,44119093,1536348032.00
2021/12/02,35.00,35.28,34.76,35.10,29998239,1051275776.00
2021/12/03,35.10,35.25,34.65,34.98,36003323,1257442560.00
2021/12/06,34.90,36.00,34.85,35.40,70954142,2526480640.00
2021/12/07,35.63,36.64,35.60,36.63,109286243,3963859200.00
2021/12/08,36.73,36.78,36.03,36.51,68748868,2498667264.00
2021/12/09,36.46,37.42,36.46,36.87,102200855,3787536384.00
2021/12/10,36.60,36.87,36.25,36.60,54164487,1977834752.00
2021/12/13,36.60,37.34,36.60,36.67,65758977,2429806848.00
2021/12/14,36.89,36.89,36.11,36.20,51639732,1875930112.00
2021/12/15,36.09,36.33,35.85,35.90,41208897,1484918528.00
2021/12/16,35.95,36.14,35.67,36.04,37944055,1361585536.00
2021/12/17,36.00,36.00,35.46,35.50,42309705,1506513024.00
2021/12/20,35.40,35.77,35.23,35.25,37916678,1345780736.00
2021/12/21,35.37,36.10,35.35,35.86,47780525,1711621504.00
2021/12/22,35.89,36.12,35.48,35.93,41570413,1484335232.00
2021/12/23,35.75,35.98,35.48,35.71,30651996,1093506816.00
2021/12/24,35.72,35.72,35.25,35.60,35083489,1245210240.00
2021/12/27,35.68,37.60,35.60,37.59,139888858,5146983936.00
2021/12/28,37.59,38.14,37.13,37.80,116218921,4386737152.00
2021/12/29,37.60,37.64,36.82,36.82,72674514,2694219008.00
2021/12/30,36.90,37.10,36.67,36.83,45854381,1691831424.00
2021/12/31,36.83,37.19,36.62,37.03,41765621,1542702592.00
2022/01/04,37.03,37.75,36.84,37.58,66231709,2476956672.00
2022/01/05,37.60,39.75,37.45,39.05,182268902,7096693760.00
2022/01/06,39.05,39.12,38.38,38.61,86819500,3361221888.00
2022/01/07,38.92,40.40,38.66,40.14,164665655,6578247680.00
2022/01/10,40.14,41.11,39.80,40.27,110096660,4442139136.00
2022/01/11,40.05,40.75,39.63,39.96,66151341,2656490240.00
2022/01/12,39.96,39.99,39.01,39.52,64504932,2537022720.00
2022/01/13,39.50,40.00,38.98,39.10,51823072,2042497024.00
2022/01/14,39.00,39.09,38.22,38.25,56627466,2179386880.00
2022/01/17,38.00,38.60,37.95,38.55,44299736,1695237632.00
2022/01/18,38.50,39.30,38.03,39.21,67021234,2592454400.00
2022/01/19,38.95,39.81,38.83,39.45,66462107,2620575744.00
2022/01/20,39.47,40.47,39.40,40.00,73776710,2953297408.00
2022/01/21,39.97,40.10,39.01,39.10,50788578,2002507392.00
2022/01/24,39.00,39.39,38.42,38.85,42720923,1657804928.00
2022/01/25,39.01,40.09,38.85,38.89,70959225,2801345280.00
2022/01/26,38.89,39.68,38.54,39.16,41862025,1632888064.00
2022/01/27,39.03,39.03,37.36,37.40,74102395,2809008896.00
2022/01/28,37.50,38.25,37.49,37.83,47644511,1804189440.00
2022/02/07,38.27,38.58,37.70,38.22,40373283,1538004352.00
2022/02/08,38.22,38.52,37.84,38.49,34640873,1323905920.00
2022/02/09,38.44,38.86,38.30,38.58,41106873,1585360896.00
2022/02/10,38.91,39.16,38.61,38.74,47658143,1851287552.00
2022/02/11,38.74,40.15,38.59,39.90,87483158,3465777664.00
2022/02/14,40.28,40.38,39.04,39.76,62338748,2469766400.00
2022/02/15,39.43,39.66,38.92,39.14,45654967,1789899264.00
2022/02/16,39.02,39.44,38.95,39.22,30780887,1205567488.00
2022/02/17,39.30,39.30,38.52,38.64,42714367,1655726848.00
2022/02/18,38.40,39.05,38.30,39.04,26360482,1022307648.00
2022/02/21,38.80,38.98,38.43,38.83,33968072,1314482688.00
2022/02/22,38.50,38.64,37.83,37.91,53047875,2022365184.00
2022/02/23,38.02,38.29,37.97,38.24,29246588,1114454784.00
2022/02/24,38.15,38.15,36.91,37.20,60824088,2278471680.00
2022/02/25,37.24,37.49,36.91,37.17,42712684,1586835712.00
2022/02/28,37.18,37.20,36.19,36.77,62730581,2293618944.00
2022/03/01,36.70,37.07,36.35,36.83,42985840,1575009024.00
2022/03/02,36.50,36.68,36.38,36.58,24595801,898150656.00
2022/03/03,36.72,36.76,36.01,36.10,46173839,1674074496.00
2022/03/04,35.86,35.97,35.52,35.83,33962598,1214431360.00
2022/03/07,35.60,35.64,34.86,34.89,48913310,1714476160.00
2022/03/08,34.88,35.11,33.88,33.93,53916765,1850600704.00
2022/03/09,33.93,34.25,31.69,33.34,78680338,2605457152.00
2022/03/10,34.48,34.49,33.25,33.50,47489450,1602547328.00
2022/03/11,32.99,33.89,32.53,33.80,36290880,1206824320.00
2022/03/14,33.23,33.62,33.00,33.03,29943298,995386048.00
2022/03/15,32.69,32.69,31.19,31.20,62285447,1987762048.00
2022/03/16,31.61,31.95,30.65,31.75,60634543,1902922112.00
2022/03/17,32.41,32.78,32.06,32.07,65206207,2110302464.00
2022/03/18,31.80,32.53,31.64,32.26,53326522,1710776576.00
2022/03/21,32.28,32.46,31.93,32.16,40403581,1300188160.00
2022/03/22,32.14,32.81,32.01,32.45,39439807,1281198080.00
2022/03/23,32.50,32.59,32.11,32.36,29932041,967387968.00
2022/03/24,32.20,32.29,31.95,32.07,25595264,821598976.00
2022/03/25,32.30,32.30,31.50,31.52,40684758,1294746112.00
2022/03/28,31.06,31.64,30.75,31.64,27766641,866933952.00
2022/03/29,31.67,31.73,31.24,31.28,20440905,642365120.00
2022/03/30,31.38,32.07,31.38,32.07,33152766,1053011584.00
2022/03/31,32.00,32.50,31.88,32.30,36267599,1170411776.00
2022/04/01,32.10,33.08,31.86,33.02,46824095,1530723584.00
2022/04/06,33.02,33.41,32.86,33.19,39895155,1320570240.00
2022/04/07,33.05,33.36,32.75,33.08,37262285,1232790400.00
2022/04/08,32.18,32.28,31.79,32.21,34117729,1092830848.00
2022/04/11,32.31,32.32,31.60,31.78,33534898,1069368576.00
2022/04/12,31.77,32.80,31.43,32.46,38833496,1244030976.00
2022/04/13,32.38,32.43,31.95,31.96,24479084,787489472.00
2022/04/14,32.20,32.59,32.06,32.49,30566174,991435648.00
2022/04/15,32.10,32.58,32.10,32.38,21834734,707716608.00
2022/04/18,32.38,32.38,31.88,32.00,20630954,660742784.00
2022/04/19,32.00,32.18,31.37,31.55,32515161,1030807360.00
2022/04/20,31.51,32.33,31.50,31.73,29730688,948017728.00
2022/04/21,31.73,31.99,31.01,31.18,36272972,1140350336.00
2022/04/22,30.81,32.17,30.42,31.97,43642904,1373756928.00
2022/04/25,31.61,32.00,30.70,30.71,43933142,1379618304.00
2022/04/26,30.97,31.08,29.92,30.00,42292456,1286629760.00
2022/04/27,29.80,30.47,29.65,30.46,37264668,1121298048.00
2022/04/28,30.40,30.64,29.90,30.31,35526715,1074045184.00
2022/04/29,30.36,31.33,30.30,31.21,42062722,1299787904.00
2022/05/05,32.50,34.23,32.38,34.22,122318223,4108444672.00
2022/05/06,33.74,34.17,33.51,33.96,58693018,1983417984.00
2022/05/09,33.72,33.83,33.21,33.37,33436835,1118136576.00
2022/05/10,32.99,33.65,32.70,33.55,48929200,1627312768.00
2022/05/11,33.57,33.72,33.04,33.30,49280212,1644664192.00
2022/05/12,33.01,33.58,32.83,33.25,30357803,1009125184.00
2022/05/13,33.40,33.76,33.27,33.53,32740133,1096621696.00
2022/05/16,33.95,34.14,33.18,33.32,29514900,990650816.00
2022/05/17,33.55,33.65,33.08,33.36,23864945,795004224.00
2022/05/18,33.40,33.43,32.74,33.00,31287481,1031801472.00
2022/05/19,32.68,32.90,32.42,32.72,28065002,915389056.00
2022/05/20,32.86,33.33,32.80,33.23,40834294,1353042048.00
2022/05/23,32.95,32.95,32.11,32.38,55928603,1812451968.00
2022/05/24,32.22,32.53,31.79,31.79,33508021,1077204608.00
2022/05/25,31.77,31.83,31.46,31.77,26848798,849891712.00
2022/05/26,31.78,31.99,31.35,31.74,43233130,1366575616.00
2022/05/27,31.88,32.16,31.35,31.53,43100411,1365791488.00
2022/05/30,31.60,31.86,31.54,31.84,33978601,1077260032.00
2022/05/31,31.86,32.19,31.65,32.17,42866332,1370159232.00
2022/06/01,32.18,32.33,31.60,31.73,49628559,1582411008.00
2022/06/02,31.50,31.60,31.01,31.52,46767568,1462714368.00
2022/06/06,31.52,31.77,31.14,31.70,45885654,1444065920.00
2022/06/07,31.65,31.94,31.50,31.92,42593389,1353080192.00
2022/06/08,32.00,32.16,31.58,31.81,47973368,1526209024.00
2022/06/09,31.80,31.86,31.31,31.31,40890640,1288908160.00
2022/06/10,31.10,31.63,31.05,31.55,38328100,1202385408.00
2022/06/13,31.30,31.43,31.14,31.32,30346118,949058368.00
2022/06/14,31.10,31.66,31.04,31.64,34798341,1088702592.00
2022/06/15,31.60,32.66,31.50,32.35,92642752,2994446336.00
2022/06/16,32.22,32.44,31.88,32.00,56230480,1805538560.00
2022/06/17,31.80,32.94,31.69,32.65,90058945,2920885760.00
2022/06/20,32.85,33.45,32.79,32.96,76111332,2516483328.00
2022/06/21,32.94,33.50,32.70,33.18,80836374,2681259520.00
2022/06/22,33.20,33.25,32.02,32.12,76962388,2499640832.00
2022/06/23,32.10,32.26,31.41,32.25,105174327,3335704832.00
2022/06/24,32.70,35.20,32.40,33.90,223327302,7594767872.00
2022/06/27,33.70,33.85,33.20,33.25,161872825,5414513664.00
2022/06/28,33.27,33.47,32.76,33.45,84843062,2815287040.00
2022/06/29,33.48,33.94,33.22,33.27,87120694,2921164544.00
2022/06/30,33.29,33.75,33.10,33.72,66359448,2223982080.00
2022/07/01,33.68,33.76,33.22,33.45,38814554,1297691136.00
2022/07/04,33.46,33.68,33.26,33.64,46022603,1541616768.00
2022/07/05,33.67,34.09,32.91,33.17,59144363,1973024384.00
2022/07/06,33.33,33.50,32.65,32.81,50162197,1653307008.00
2022/07/07,33.10,33.40,32.74,32.89,51052663,1685779584.00
2022/07/08,33.00,33.69,32.78,33.40,58767794,1952251904.00
2022/07/11,33.77,34.35,33.65,33.99,92493971,3136823296.00
2022/07/12,33.90,35.33,33.80,34.93,140146259,4904189440.00
2022/07/13,35.28,35.83,34.70,34.97,95374938,3358734080.00
2022/07/14,35.40,35.49,33.84,34.18,91597624,3151980032.00
2022/07/15,34.20,34.65,33.67,33.70,62413397,2128248960.00
2022/07/18,33.60,34.30,33.04,34.30,51834048,1742251776.00
2022/07/19,34.01,34.35,33.82,34.08,33685526,1146595584.00
2022/07/20,34.22,34.33,33.93,34.11,30884157,1054322240.00
2022/07/21,34.12,34.12,33.72,33.95,28666092,971806400.00
2022/07/22,33.88,34.15,33.46,33.94,31044538,1048212736.00
2022/07/25,34.00,34.34,33.82,34.23,43264133,1477305088.00
2022/07/26,34.22,34.22,33.85,34.13,37713994,1282394752.00
2022/07/27,33.93,34.00,33.36,33.41,43798455,1469299456.00
2022/07/28,33.44,33.62,33.28,33.31,31283171,1044841856.00
2022/07/29,33.52,33.65,33.20,33.26,39044597,1304903296.00
2022/08/01,33.20,33.24,32.82,33.01,33758018,1112283008.00
2022/08/02,32.71,32.72,31.68,31.86,56809236,1817293056.00
2022/08/03,31.80,32.20,31.70,31.82,35914431,1147102208.00
2022/08/04,31.96,32.25,31.70,32.16,37422116,1196487680.00
2022/08/05,30.49,30.73,30.09,30.73,45230597,1374951168.00
2022/08/08,30.60,30.73,30.43,30.55,27142442,828567616.00
2022/08/09,30.54,30.85,30.48,30.61,23596132,723759680.00
2022/08/10,30.74,30.77,30.33,30.42,19920462,606767040.00
2022/08/11,30.50,30.85,30.48,30.83,24273630,745787200.00
2022/08/12,30.88,30.99,30.72,30.89,22724972,701441088.00
2022/08/15,31.00,31.35,30.75,30.89,31641513,980684224.00
2022/08/16,30.95,31.03,30.77,30.86,19340727,596307136.00
2022/08/17,30.88,31.02,30.44,30.98,29399622,906353920.00
2022/08/18,30.87,30.88,30.40,30.43,34189050,1043951424.00
2022/08/19,30.44,30.75,30.40,30.46,25770026,786785984.00
2022/08/22,30.46,30.75,30.33,30.49,25630601,782698432.00
2022/08/23,30.40,30.41,30.15,30.23,27698097,836814080.00
2022/08/24,30.22,30.33,30.01,30.04,27272590,821529216.00
2022/08/25,30.13,30.36,29.90,30.36,29018130,875049216.00
2022/08/26,30.50,30.60,30.13,30.15,22031309,666996608.00
2022/08/29,29.92,30.37,29.85,30.33,24428484,736292864.00
2022/08/30,30.35,30.73,30.34,30.55,23361682,712653760.00
2022/08/31,31.90,32.15,31.52,31.93,140150267,4468837376.00
2022/09/01,31.90,33.59,31.83,32.85,157121345,5190350848.00
2022/09/02,33.10,33.23,32.50,33.02,77126988,2538961408.00
2022/09/05,32.99,33.55,32.81,33.36,59118117,1964842112.00
2022/09/06,33.36,33.50,32.75,33.16,48622091,1606598272.00
2022/09/07,33.10,33.15,32.75,32.97,40141228,1321992320.00
2022/09/08,33.05,33.44,32.91,33.18,31630624,1048674112.00
2022/09/09,33.30,34.95,33.26,34.67,111324975,3822477056.00
2022/09/13,34.67,35.42,34.46,35.15,81335864,2851010816.00
2022/09/14,34.70,35.04,34.56,34.92,41790710,1456450304.00
2022/09/15,35.00,35.72,34.80,35.10,66657660,2349659392.00
2022/09/16,35.24,35.64,34.59,34.59,57830871,2020198272.00
2022/09/19,34.66,34.73,33.80,34.46,42370419,1456673536.00
2022/09/20,34.54,34.85,33.68,34.20,42163778,1436025216.00
2022/09/21,34.20,34.49,33.74,34.35,34376404,1175255808.00
2022/09/22,34.00,34.04,33.10,33.12,52841550,1764007936.00
2022/09/23,33.12,33.45,32.75,33.08,32682658,1081572480.00
2022/09/26,32.77,33.45,32.71,32.86,29866372,986077952.00
2022/09/27,32.80,33.60,32.61,33.45,38365970,1275214976.00
2022/09/28,33.30,33.45,32.94,33.00,25790222,853707072.00
2022/09/29,33.04,33.25,32.50,32.55,27608338,903331328.00
2022/09/30,32.45,32.82,32.20,32.43,24112060,784213120.00
2022/10/10,32.60,32.82,32.05,32.20,30522226,990223552.00
2022/10/11,32.23,32.33,31.80,31.94,23780870,761318016.00
2022/10/12,31.94,32.29,31.42,32.28,28543368,907639616.00
2022/10/13,32.11,32.19,31.62,31.69,27016482,861552960.00
2022/10/14,31.76,32.49,31.76,32.39,36345055,1172578176.00
2022/10/17,32.34,32.40,32.05,32.27,28765237,926620032.00
2022/10/18,32.35,32.54,32.16,32.34,26811100,866819008.00
2022/10/19,32.30,32.30,31.08,31.13,47826075,1507807232.00
2022/10/20,31.00,31.06,30.55,30.66,51478040,1582853760.00
2022/10/21,30.70,30.90,30.40,30.60,28940920,887734976.00
2022/10/24,30.60,30.87,29.94,29.98,51135450,1543195776.00
2022/10/25,29.60,30.18,29.60,29.80,33219739,992196032.00
2022/10/26,29.80,30.25,29.80,30.02,35928751,1078674176.00
2022/10/27,30.28,30.48,30.09,30.41,37764296,1143835648.00
2022/10/28,30.55,30.69,29.96,30.19,48089171,1459228288.00
2022/10/31,29.58,29.92,28.49,28.67,108303289,3132805888.00
2022/11/01,28.75,29.37,28.60,29.37,64602496,1874169216.00
2022/11/02,29.16,30.00,29.05,29.55,56673308,1669391360.00
2022/11/03,29.26,29.60,29.18,29.29,32790732,962098048.00
2022/11/04,29.30,30.32,29.30,30.16,53548451,1605718528.00
2022/11/07,30.16,30.49,30.02,30.27,33748068,1019600768.00
2022/11/08,30.30,30.35,29.98,30.14,23092774,694922752.00
2022/11/09,30.25,30.60,30.15,30.26,27456643,833638208.00
2022/11/10,30.01,30.26,29.93,30.12,20377428,613111616.00
2022/11/11,30.75,31.50,30.46,31.11,66508580,2060381568.00
2022/11/14,31.80,32.41,31.61,31.71,74963624,2398336000.00
2022/11/15,31.80,32.17,31.50,31.99,39199128,1252336640.00
2022/11/16,32.02,32.08,31.68,31.73,27893178,887834560.00
2022/11/17,31.67,31.92,31.51,31.75,22540558,714269184.00
2022/11/18,31.83,32.02,31.69,31.76,20312472,646632960.00
2022/11/21,31.55,31.57,31.00,31.10,28227761,878476736.00
2022/11/22,31.20,31.61,31.08,31.29,21944945,687275520.00
2022/11/23,31.32,31.53,31.18,31.20,18343532,574485632.00
2022/11/24,31.45,31.61,31.18,31.22,15416302,482978080.00
2022/11/25,31.21,31.96,31.20,31.76,34998146,1110462208.00
2022/11/28,31.25,31.53,30.86,31.50,26170274,817009088.00
2022/11/29,32.01,32.61,31.93,32.47,51373044,1658978816.00
2022/11/30,32.43,32.63,31.92,32.17,38571084,1242142336.00
2022/12/01,32.50,32.77,32.36,32.42,36543926,1187271424.00
2022/12/02,32.25,32.36,32.09,32.23,25945995,836470912.00
2022/12/05,32.49,32.94,32.48,32.88,37053147,1215476608.00
2022/12/06,32.77,33.31,32.55,32.94,35158314,1159982464.00
2022/12/07,32.93,33.35,32.70,33.12,38498540,1273056256.00
2022/12/08,33.15,33.31,32.91,33.01,24718576,817959936.00
2022/12/09,33.09,34.10,32.98,33.88,68680448,2304109824.00
2022/12/12,33.79,33.94,33.27,33.28,37420814,1256353536.00
2022/12/13,33.47,33.60,33.31,33.37,24063238,803646400.00
2022/12/14,33.36,33.66,32.99,33.40,37387401,1246848384.00
2022/12/15,33.36,33.71,32.88,33.01,27852358,921951296.00
2022/12/16,32.82,33.26,32.78,33.26,30623320,1013812032.00
2022/12/19,33.22,33.65,32.73,32.82,26417266,875081088.00
2022/12/20,32.75,32.90,32.06,32.30,24127232,781725248.00
2022/12/21,32.24,32.67,32.24,32.43,19063428,618308608.00
2022/12/22,32.58,33.37,32.58,32.94,31006276,1023161472.00
2022/12/23,32.77,33.09,32.56,32.78,13352325,438291968.00
2022/12/26,32.80,32.81,32.31,32.35,19007666,616557312.00
2022/12/27,32.47,32.97,32.26,32.63,22646398,739779456.00
2022/12/28,32.44,32.80,32.31,32.57,30939755,1007976128.00
2022/12/29,32.50,32.52,32.01,32.16,25349390,815934400.00
2022/12/30,32.24,32.49,32.21,32.32,19264104,623204672.00
2023/01/03,32.52,32.78,32.16,32.50,26444999,857203456.00
2023/01/04,32.52,33.34,32.44,33.31,41594366,1376299392.00
2023/01/05,33.61,34.45,33.50,34.20,50889443,1733431296.00
2023/01/06,34.16,34.40,33.91,34.10,30916572,1053069760.00
2023/01/09,34.00,34.28,33.97,34.09,24309943,829238848.00
2023/01/10,34.10,34.39,33.81,34.12,18974355,648148480.00
2023/01/11,34.12,34.50,33.93,34.43,31597543,1084532736.00
2023/01/12,34.31,34.44,34.06,34.12,17870648,611164544.00
2023/01/13,34.20,34.50,34.12,34.45,24845128,853583424.00
2023/01/16,34.61,36.00,34.52,35.48,69118991,2443086336.00
2023/01/17,35.44,35.55,35.14,35.45,28775268,1017964736.00
2023/01/18,35.40,35.64,34.94,35.21,24236366,853027520.00
2023/01/19,34.99,35.17,34.72,35.10,19820777,692956480.00
2023/01/20,35.16,35.40,34.91,35.05,22896003,802935936.00
2023/01/30,35.70,35.75,34.98,35.05,40601051,1431756672.00
2023/01/31,35.05,35.27,34.50,34.63,27669331,963487232.00
2023/02/01,34.80,35.08,34.64,34.95,27369484,954296704.00
2023/02/02,34.96,35.06,34.75,34.88,30085671,1049190464.00
2023/02/03,34.70,34.77,34.45,34.70,22796829,788485504.00
2023/02/06,34.51,34.52,33.82,33.84,33520824,1140037120.00
2023/02/07,34.04,34.47,33.98,34.42,22876151,784539712.00
2023/02/08,34.49,34.84,34.15,34.29,20006521,689358464.00
2023/02/09,34.10,34.44,34.01,34.35,20761993,711646336.00
2023/02/10,34.38,34.39,34.10,34.27,15272833,523508000.00
2023/02/13,34.31,34.74,34.16,34.71,28638556,987660416.00
2023/02/14,34.78,34.92,34.60,34.87,19268197,670015168.00
2023/02/15,34.85,34.90,34.44,34.54,16713417,577757696.00
2023/02/16,34.54,34.79,33.93,34.15,28135121,968714048.00
2023/02/17,34.15,34.35,33.95,33.97,18193784,621456128.00
2023/02/20,33.97,35.20,33.97,35.15,52342020,1822339584.00
2023/02/21,35.40,36.29,35.33,36.14,81304977,2920138240.00
2023/02/22,36.08,36.27,35.76,36.08,32666017,1176962944.00
2023/02/23,36.22,37.31,36.22,37.03,81370504,3014291968.00
2023/02/24,36.87,37.00,36.38,36.56,36926076,1352140160.00
2023/02/27,35.24,35.45,34.54,35.21,39182918,1376848512.00
2023/02/28,35.35,35.74,34.93,35.52,34995389,1237336448.00
2023/03/01,35.52,36.59,35.41,36.42,51970455,1882938240.00
2023/03/02,36.18,36.90,36.12,36.61,45758404,1676275968.00
2023/03/03,36.90,37.53,36.80,36.97,45573220,1690430336.00
2023/03/06,36.98,37.35,36.48,36.91,42112378,1556527360.00
2023/03/07,36.80,37.01,36.16,36.24,41411472,1512769024.00
2023/03/08,36.06,36.59,36.00,36.49,26450804,962114240.00
2023/03/09,36.73,36.80,36.30,36.62,27503255,1009001344.00
2023/03/10,36.45,36.55,35.57,35.61,36010638,1294371712.00
2023/03/13,35.61,37.12,35.53,37.11,63348564,2321045504.00
2023/03/14,37.00,37.60,36.59,36.94,61073140,2269712384.00
2023/03/15,37.01,37.65,36.92,37.45,36905141,1378304128.00
2023/03/16,37.20,37.70,37.00,37.30,37570212,1406362368.00
2023/03/17,37.65,37.96,37.31,37.51,38887648,1463969920.00
2023/03/20,37.49,37.70,36.83,37.10,31175352,1158701824.00
2023/03/21,37.03,37.69,36.98,37.62,31531112,1183366144.00
2023/03/22,37.68,37.77,37.06,37.21,26348780,982422976.00
2023/03/23,37.19,37.50,36.95,37.14,33101208,1231631488.00
2023/03/24,37.01,37.04,36.60,36.86,31951354,1177943424.00
2023/03/27,36.87,36.92,36.20,36.38,37044082,1350144000.00
2023/03/28,36.41,36.72,36.01,36.40,28225260,1027278592.00
2023/03/29,36.43,36.55,36.02,36.15,21323888,772096704.00
2023/03/30,36.20,37.54,35.83,37.23,54657824,2005353984.00
2023/03/31,37.03,37.30,36.71,36.75,33176564,1226454656.00
2023/04/03,36.85,37.48,36.73,37.26,29620867,1101948288.00
2023/04/04,37.12,37.26,36.80,37.03,24167875,894596352.00
2023/04/06,37.04,37.06,36.50,36.75,24119673,884473152.00
2023/04/07,36.75,37.56,36.66,37.29,32783277,1223357440.00
2023/04/10,37.29,37.77,37.02,37.75,31736840,1193801216.00
2023/04/13,39.26,39.26,38.39,38.55,25095360,971357952.00
